516

0.105490 0.125000 
0.105490 0.125000 
0.105490 0.125000 
0.105490 0.125000 
0.105490 0.125000 
0.105490 0.125000 
0.105490 0.125000 
0.105490 0.125000 
0.105490 0.125000 
0.105490 0.125000 
0.105490 0.125000 
0.105490 0.125000 
0.105490 0.125000 
0.105490 0.125000 
0.105490 0.125000 
0.105490 0.125000 
0.105490 0.125000 
0.105490 0.125000 
0.105490 0.125000 
0.105490 0.125000 
0.105490 0.125000 
0.105490 0.125000 
0.105490 0.125000 
0.105490 0.125000 
0.105490 0.125000 
0.105490 0.125000 
0.105490 0.125000 
0.105490 0.125000 
0.105490 0.125000 
0.105490 0.125000 
0.105490 0.125000 
0.105490 0.125000 
0.105490 0.125000 
0.105490 0.125000 
0.105490 0.125000 
0.105490 0.125000 
0.105490 0.125000 
0.105490 0.125000 
0.105490 0.125000 
0.105490 0.125000 
0.105490 0.125000 
0.105490 0.125000 
0.105490 0.125000 
0.105490 0.125000 
0.105490 0.125000 
0.105490 0.125000 
0.000000 0.000000 
0.708746 0.500000 
0.790089 0.625000 
0.526319 0.333333 
0.526319 0.333333 
0.781313 0.625000 
0.526319 0.333333 
0.641368 0.416667 
0.600964 0.458333 
0.526319 0.333333 
0.000000 0.041667 
0.526319 0.333333 
0.526319 0.333333 
0.526319 0.333333 
0.526319 0.333333 
0.526319 0.333333 
0.526319 0.333333 
0.526319 0.333333 
0.526319 0.333333 
0.526319 0.333333 
0.357045 0.208333 
0.526319 0.333333 
0.526319 0.333333 
0.526319 0.333333 
0.526319 0.333333 
0.526319 0.333333 
0.226820 0.125000 
0.226820 0.125000 
0.226820 0.125000 
0.226820 0.125000 
0.226820 0.125000 
0.515194 0.458333 
0.708746 0.541667 
0.065795 0.041667 
0.065795 0.041667 
0.065795 0.041667 
0.000000 0.041667 
0.000000 0.041667 
0.000000 0.041667 
0.000000 0.041667 
0.000000 0.041667 
0.000000 0.041667 
0.000000 0.041667 
0.000000 0.041667 
0.000000 0.041667 
0.000000 0.041667 
0.000000 0.041667 
0.000000 0.041667 
0.000000 0.041667 
0.000000 0.041667 
0.000000 0.041667 
0.000000 0.041667 
0.000000 0.041667 
0.000000 0.041667 
0.000000 0.041667 
0.000000 0.041667 
0.000000 0.041667 
0.000000 0.041667 
0.000000 0.041667 
0.000000 0.041667 
0.000000 0.041667 
0.000000 0.041667 
0.000000 0.041667 
0.000000 0.041667 
0.000000 0.041667 
0.000000 0.041667 
0.000000 0.041667 
0.000000 0.041667 
0.000000 0.041667 
0.000000 0.041667 
0.000000 0.041667 
0.000000 0.041667 
0.000000 0.041667 
0.000000 0.041667 
0.000000 0.041667 
0.000000 0.041667 
0.000000 0.041667 
0.000000 0.041667 
0.000000 0.041667 
0.000000 0.041667 
0.000000 0.041667 
0.000000 0.041667 
0.000000 0.041667 
0.000000 0.041667 
0.000000 0.041667 
0.000000 0.041667 
0.000000 0.041667 
0.000000 0.041667 
0.000000 0.041667 
0.000000 0.041667 
0.000000 0.041667 
0.000000 0.041667 
0.000000 0.041667 
0.000000 0.041667 
0.000000 0.041667 
0.000000 0.041667 
0.000000 0.041667 
0.000000 0.041667 
0.000000 0.041667 
0.000000 0.041667 
0.000000 0.041667 
0.000000 0.041667 
0.000000 0.041667 
0.000000 0.041667 
0.000000 0.041667 
0.000000 0.041667 
0.000000 0.041667 
0.000000 0.041667 
0.000000 0.041667 
0.000000 0.041667 
0.000000 0.041667 
0.000000 0.041667 
0.000000 0.041667 
0.000000 0.041667 
0.000000 0.041667 
0.000000 0.041667 
0.000000 0.041667 
0.000000 0.041667 
0.000000 0.041667 
0.000000 0.041667 
0.000000 0.041667 
0.000000 0.041667 
0.000000 0.041667 
0.000000 0.041667 
0.000000 0.041667 
0.000000 0.041667 
0.000000 0.041667 
0.000000 0.041667 
0.000000 0.041667 
0.000000 0.041667 
0.000000 0.041667 
0.000000 0.041667 
0.000000 0.041667 
0.000000 0.041667 
0.000000 0.041667 
0.000000 0.041667 
0.000000 0.041667 
0.000000 0.041667 
0.000000 0.041667 
0.000000 0.041667 
0.000000 0.041667 
0.000000 0.041667 
0.000000 0.041667 
0.000000 0.041667 
0.000000 0.041667 
0.000000 0.041667 
0.000000 0.041667 
0.000000 0.041667 
0.000000 0.041667 
0.000000 0.041667 
0.000000 0.041667 
0.000000 0.041667 
0.000000 0.041667 
0.000000 0.041667 
0.000000 0.041667 
0.000000 0.041667 
0.000000 0.041667 
0.000000 0.041667 
0.000000 0.041667 
0.000000 0.041667 
0.000000 0.041667 
0.000000 0.041667 
0.000000 0.041667 
0.000000 0.041667 
0.000000 0.041667 
0.000000 0.041667 
0.000000 0.041667 
0.000000 0.041667 
0.000000 0.041667 
0.000000 0.041667 
0.000000 0.041667 
0.000000 0.041667 
0.000000 0.041667 
0.000000 0.041667 
0.000000 0.041667 
0.000000 0.041667 
0.000000 0.041667 
0.000000 0.041667 
0.000000 0.041667 
0.000000 0.041667 
0.000000 0.041667 
0.000000 0.041667 
0.000000 0.041667 
0.124342 0.125000 
0.000000 0.041667 
0.000000 0.041667 
0.000000 0.041667 
0.000000 0.041667 
0.000000 0.041667 
0.000000 0.041667 
0.000000 0.041667 
0.000000 0.041667 
0.000000 0.041667 
0.000000 0.041667 
0.000000 0.041667 
0.000000 0.041667 
0.000000 0.041667 
0.000000 0.041667 
0.000000 0.041667 
0.000000 0.041667 
0.000000 0.041667 
0.000000 0.041667 
0.000000 0.041667 
0.000000 0.041667 
0.000000 0.041667 
0.000000 0.041667 
0.000000 0.041667 
0.000000 0.041667 
0.000000 0.041667 
0.000000 0.041667 
0.000000 0.041667 
0.000000 0.041667 
0.000000 0.041667 
0.000000 0.041667 
0.000000 0.041667 
0.000000 0.041667 
0.000000 0.041667 
0.000000 0.041667 
0.000000 0.041667 
0.000000 0.041667 
0.000000 0.041667 
0.000000 0.041667 
0.000000 0.041667 
0.000000 0.041667 
0.000000 0.041667 
0.000000 0.041667 
0.000000 0.041667 
0.000000 0.041667 
0.000000 0.041667 
0.000000 0.041667 
0.000000 0.041667 
0.000000 0.041667 
0.000000 0.041667 
0.000000 0.041667 
0.000000 0.041667 
0.000000 0.041667 
0.000000 0.041667 
0.000000 0.041667 
0.000000 0.041667 
0.000000 0.041667 
0.000000 0.041667 
0.000000 0.041667 
0.000000 0.041667 
0.000000 0.041667 
0.000000 0.041667 
0.000000 0.041667 
0.000000 0.041667 
0.000000 0.041667 
0.000000 0.041667 
0.000000 0.041667 
0.000000 0.041667 
0.000000 0.041667 
0.000000 0.041667 
0.000000 0.041667 
0.000000 0.041667 
0.000000 0.041667 
0.000000 0.041667 
0.000000 0.041667 
0.000000 0.041667 
0.000000 0.041667 
0.000000 0.041667 
0.000000 0.041667 
0.000000 0.041667 
0.000000 0.041667 
0.000000 0.041667 
0.000000 0.041667 
0.000000 0.041667 
0.000000 0.041667 
0.000000 0.041667 
0.000000 0.041667 
0.000000 0.041667 
0.000000 0.041667 
0.000000 0.041667 
0.000000 0.041667 
0.000000 0.041667 
0.000000 0.041667 
0.000000 0.041667 
0.000000 0.041667 
0.000000 0.041667 
0.000000 0.041667 
0.000000 0.041667 
0.000000 0.041667 
0.000000 0.041667 
0.000000 0.041667 
0.000000 0.041667 
0.000000 0.041667 
0.000000 0.041667 
0.000000 0.041667 
0.481036 0.333333 
0.481036 0.333333 
0.515194 0.416667 
0.481036 0.333333 
0.226820 0.125000 
0.515194 0.416667 
0.590622 0.416667 
0.481036 0.333333 
0.481036 0.333333 
0.481036 0.333333 
0.301886 0.208333 
0.481036 0.333333 
0.481036 0.333333 
0.481036 0.333333 
0.481036 0.333333 
0.481036 0.333333 
0.481036 0.333333 
0.481036 0.333333 
0.481036 0.333333 
0.124342 0.083333 
0.745571 0.583333 
0.469374 0.416667 
0.469374 0.416667 
0.469374 0.416667 
0.469374 0.416667 
0.469374 0.416667 
0.469374 0.416667 
0.469374 0.416667 
0.469374 0.416667 
0.469374 0.416667 
0.866489 0.541667 
0.469374 0.416667 
0.469374 0.416667 
0.469374 0.416667 
0.469374 0.416667 
0.469374 0.416667 
0.481036 0.500000 
0.301886 0.125000 
0.301886 0.125000 
0.301886 0.125000 
0.301886 0.125000 
0.301886 0.125000 
0.301886 0.125000 
0.301886 0.125000 
0.301886 0.125000 
0.105490 0.041667 
0.301886 0.125000 
0.301886 0.125000 
0.301886 0.125000 
0.272772 0.125000 
0.301886 0.125000 
0.242467 0.166667 
0.301886 0.125000 
0.301886 0.125000 
0.301886 0.125000 
0.125000 0.041667 
0.125000 0.125000 
0.125000 0.125000 
0.125000 0.125000 
0.125000 0.125000 
0.125000 0.125000 
0.125000 0.125000 
0.125000 0.333333 
0.125000 0.125000 
0.125000 0.125000 
0.125000 0.125000 
0.125000 0.125000 
0.125000 0.625000 
0.125000 0.458333 
0.125000 0.208333 
0.125000 0.458333 
0.125000 0.458333 
0.125000 0.458333 
0.125000 0.333333 
0.125000 0.166667 
0.125000 0.333333 
0.125000 0.333333 
0.125000 0.291667 
0.125000 0.291667 
0.125000 0.125000 
0.125000 0.291667 
0.125000 0.291667 
0.125000 0.333333 
0.125000 0.416667 
0.125000 0.375000 
0.125000 0.375000 
0.125000 0.375000 
0.125000 0.083333 
0.125000 0.375000 
0.125000 0.375000 
0.125000 0.083333 
0.125000 0.083333 
0.125000 0.375000 
0.125000 0.208333 
0.125000 0.083333 
0.125000 0.375000 
0.125000 0.375000 
0.125000 0.375000 
0.125000 0.375000 
0.125000 0.416667 
0.125000 0.291667 
0.000000 0.541667 
0.500000 0.291667 
0.625000 0.291667 
0.333333 0.291667 
0.333333 0.416667 
0.625000 0.541667 
0.333333 0.291667 
0.416667 0.166667 
0.458333 0.291667 
0.333333 0.083333 
0.041667 0.416667 
0.333333 0.416667 
0.333333 0.416667 
0.333333 0.416667 
0.333333 0.416667 
0.333333 0.416667 
0.333333 0.333333 
0.333333 0.416667 
0.333333 0.208333 
0.333333 0.416667 
0.208333 0.416667 
0.333333 0.208333 
0.333333 0.291667 
0.333333 0.291667 
0.333333 0.291667 
0.333333 0.291667 
0.125000 0.291667 
0.125000 0.291667 
0.125000 0.375000 
0.125000 0.083333 
0.125000 0.291667 
0.458333 0.291667 
0.541667 0.291667 
0.041667 0.291667 
0.041667 0.291667 
0.041667 0.291667 
0.041667 0.291667 
0.041667 0.291667 
0.041667 0.291667 
0.041667 0.666667 
0.041667 0.666667 
0.041667 0.416667 
0.041667 0.541667 
0.041667 0.500000 
0.041667 0.375000 
0.041667 0.208333 
0.041667 0.208333 
0.041667 0.208333 
0.041667 0.208333 
0.041667 0.208333 
0.041667 0.375000 
0.041667 0.375000 
0.041667 0.375000 
0.041667 0.166667 
0.041667 0.166667 
0.041667 0.166667 
0.041667 0.375000 
0.041667 0.375000 
0.041667 0.166667 
0.041667 0.083333 
0.041667 0.166667 
0.041667 0.166667 
0.041667 0.416667 
0.041667 0.166667 
0.041667 0.166667 
0.041667 0.166667 
0.041667 0.166667 
0.041667 0.166667 
0.041667 0.166667 
0.041667 0.166667 
0.041667 0.166667 
0.041667 0.166667 
0.041667 0.166667 
0.041667 0.166667 
0.041667 0.166667 
0.041667 0.166667 
0.041667 0.166667 
0.041667 0.166667 
0.041667 0.166667 
0.041667 0.166667 
0.041667 0.500000 