1160 793
4 0

var1 var2 var3 var4
1.23251128 1.38425211 2.04093665 2.59485071 
1.23251128 1.38425211 2.04093665 2.59485071 
1.27112945 1.18116303 2.14097322 2.56504979 
1.39676865 1.16649391 2.0681991 2.6023871 
1.32233911 1.14343048 2.12796406 2.61841709 
1.24311677 1.19301638 2.17586588 2.53052905 
1.24311677 1.19301638 2.17586588 2.53052905 
1.47203278 1.05151816 2.15624387 2.63194433 
1.17583561 1.28663588 1.9766796 2.5260599 
1.17583561 1.28663588 1.9766796 2.5260599 
1.22591599 1.23573977 2.10452931 2.70229685 
1.32807267 1.14586143 2.15199065 2.65981349 
1.21521873 1.19853928 2.20151672 2.78738924 
1.20088253 1.3152204 2.06105199 2.61059338 
1.20088253 1.3152204 2.06105199 2.61059338 
1.17177229 1.23871406 2.23402621 2.55917757 
1.21521873 1.19853928 2.20151672 2.78738924 
1.28392915 1.24481841 2.1857982 2.65374814 
1.27780297 1.374903 2.15094252 2.61648444 
1.19473667 1.24891377 2.15928251 2.56447976 
1.25556035 1.28665475 2.10179343 2.51819886 
1.23780114 1.26853405 2.05632747 2.68217436 
1.23780114 1.26853405 2.05632747 2.68217436 
1.23251128 1.38425211 2.04093665 2.59485071 
1.25556035 1.28665475 2.10179343 2.51819886 
1.19882642 1.27252747 2.05020417 2.80379648 
1.43787304 1.21025783 2.16236756 2.56388897 
1.35822745 1.20294629 2.2621699 2.62437169 
1.22591599 1.23573977 2.10452931 2.70229685 
1.27780297 1.374903 2.15094252 2.61648444 
1.19882642 1.27252747 2.05020417 2.80379648 
1.36165293 1.13972349 2.18944691 2.7170161 
1.27009695 1.20182838 2.08294555 2.58051206 
1.28940154 1.27669665 2.25944485 2.68502067 
1.23722722 1.22393987 2.33689502 2.59767552 
1.27009695 1.20182838 2.08294555 2.58051206 
1.28940154 1.27669665 2.25944485 2.68502067 
1.24597485 1.27378328 2.29343513 2.60703553 
1.28392915 1.24481841 2.1857982 2.65374814 
1.43787304 1.21025783 2.16236756 2.56388897 
1.16356573 1.39201714 2.24799108 2.54579939 
1.39676865 1.16649391 2.0681991 2.6023871 
1.26243013 1.21276565 2.04763657 2.57141945 
1.15408873 1.39464904 2.07372859 2.57283743 
1.30113342 1.15393205 2.16580989 2.55481651 
1.31176302 1.05374811 2.28044113 2.60563501 
1.35822745 1.20294629 2.2621699 2.62437169 
1.29212145 1.25548677 2.14957503 2.77923594 
1.29212145 1.25548677 2.14957503 2.77923594 
1.16356573 1.39201714 2.24799108 2.54579939 
1.23722722 1.22393987 2.33689502 2.59767552 
1.26012505 1.25590088 2.23149743 2.47167728 
1.23780114 1.26853405 2.05632747 2.68217436 
1.23251128 1.38425211 2.04093665 2.59485071 
1.2495302 1.2539567 2.24030536 2.47638968 
1.23780114 1.26853405 2.05632747 2.68217436 
1.10911933 1.48614061 1.5713556 3.06140142 
1.27714868 1.09482118 2.16827278 2.56778539 
1.27780297 1.374903 2.15094252 2.61648444 
1.23251128 1.38425211 2.04093665 2.59485071 
1.30577503 1.20138935 2.125985 2.66836858 
1.32202695 1.22239145 2.0652221 2.69137637 
1.3711561 1.26039418 2.22430478 2.58418699 
1.19768668 1.25021072 1.9887555 2.59832255 
1.26012505 1.25590088 2.23149743 2.47167728 
1.19473667 1.24891377 2.15928251 2.56447976 
1.27780297 1.374903 2.15094252 2.61648444 
1.31624266 1.23543413 1.98265253 2.42710066 
1.4071781 1.08202039 2.26265692 2.64434719 
1.20088253 1.3152204 2.06105199 2.61059338 
1.44310407 1.07744412 2.17239859 2.58815934 
1.36491448 1.21863203 2.14212562 2.62503426 
1.31624266 1.23543413 1.98265253 2.42710066 
1.36165293 1.13972349 2.18944691 2.7170161 
1.2426652 1.26006383 2.17571888 2.76572754 
1.17583561 1.28663588 1.9766796 2.5260599 
1.22591599 1.23573977 2.10452931 2.70229685 
1.25732935 1.20151781 2.089782 2.49757143 
1.26600424 1.16075481 2.35294716 2.6651195 
1.27009695 1.20182838 2.08294555 2.58051206 
1.22325809 1.2973965 2.22454764 2.50581093 
1.32233911 1.14343048 2.12796406 2.61841709 
1.19882642 1.27252747 2.05020417 2.80379648 
1.3147534 1.34267938 2.19566887 2.69812004 
1.19768668 1.25021072 1.9887555 2.59832255 
1.29212145 1.25548677 2.14957503 2.77923594 
1.39676865 1.16649391 2.0681991 2.6023871 
1.32233911 1.14343048 2.12796406 2.61841709 
1.17583561 1.28663588 1.9766796 2.5260599 
1.23251128 1.38425211 2.04093665 2.59485071 
1.24311677 1.19301638 2.17586588 2.53052905 
1.15408873 1.39464904 2.07372859 2.57283743 
1.01296141 1.60692831 1.75585392 2.69090676 
1.24597485 1.27378328 2.29343513 2.60703553 
1.27780297 1.374903 2.15094252 2.61648444 
1.35546338 1.08734136 2.18605011 2.63765676 
1.24311677 1.19301638 2.17586588 2.53052905 
1.22591599 1.23573977 2.10452931 2.70229685 
1.29320481 1.30562766 2.13049007 2.60888183 
1.21521873 1.19853928 2.20151672 2.78738924 
1.28392915 1.24481841 2.1857982 2.65374814 
1.16356573 1.39201714 2.24799108 2.54579939 
1.41662809 1.18936357 2.23973789 2.66608321 
1.25556035 1.28665475 2.10179343 2.51819886 
1.27780297 1.374903 2.15094252 2.61648444 
0.96995106 1.71300611 1.54322239 3.08715458 
1.26600424 1.16075481 2.35294716 2.6651195 
1.32807267 1.14586143 2.15199065 2.65981349 
1.26243013 1.21276565 2.04763657 2.57141945 
1.21521873 1.19853928 2.20151672 2.78738924 
1.14196953 1.34148283 1.92326062 2.83364088 
1.17583561 1.28663588 1.9766796 2.5260599 
1.47203278 1.05151816 2.15624387 2.63194433 
1.20088253 1.3152204 2.06105199 2.61059338 
1.23780114 1.26853405 2.05632747 2.68217436 
1.19882642 1.27252747 2.05020417 2.80379648 
1.23251128 1.38425211 2.04093665 2.59485071 
1.29430055 1.27927981 2.24037123 2.55249277 
1.25556035 1.28665475 2.10179343 2.51819886 
1.27009695 1.20182838 2.08294555 2.58051206 
1.15408873 1.39464904 2.07372859 2.57283743 
1.23722722 1.22393987 2.33689502 2.59767552 
1.19473667 1.24891377 2.15928251 2.56447976 
1.30577503 1.20138935 2.125985 2.66836858 
1.30577503 1.20138935 2.125985 2.66836858 
1.22591599 1.23573977 2.10452931 2.70229685 
1.27009695 1.20182838 2.08294555 2.58051206 
1.3711561 1.26039418 2.22430478 2.58418699 
1.20752591 1.28927786 2.26415914 2.66283812 
1.20088253 1.3152204 2.06105199 2.61059338 
1.25923285 1.32057806 1.90093695 3.01550073 
1.22591599 1.23573977 2.10452931 2.70229685 
1.17583561 1.28663588 1.9766796 2.5260599 
1.27112945 1.18116303 2.14097322 2.56504979 
1.32202695 1.22239145 2.0652221 2.69137637 
1.31624266 1.23543413 1.98265253 2.42710066 
1.23780114 1.26853405 2.05632747 2.68217436 
1.39676865 1.16649391 2.0681991 2.6023871 
1.36491448 1.21863203 2.14212562 2.62503426 
1.31176302 1.05374811 2.28044113 2.60563501 
1.3711561 1.26039418 2.22430478 2.58418699 
1.24311677 1.19301638 2.17586588 2.53052905 
1.27780297 1.374903 2.15094252 2.61648444 
1.23251128 1.38425211 2.04093665 2.59485071 
1.33274008 1.20922955 2.22925097 2.57843266 
1.33274008 1.20922955 2.22925097 2.57843266 
1.23722722 1.22393987 2.33689502 2.59767552 
1.19882642 1.27252747 2.05020417 2.80379648 
1.29212145 1.25548677 2.14957503 2.77923594 
1.30358013 1.29790867 2.22216279 2.78806572 
1.19473667 1.24891377 2.15928251 2.56447976 
1.19768668 1.25021072 1.9887555 2.59832255 
1.15408873 1.39464904 2.07372859 2.57283743 
1.25556035 1.28665475 2.10179343 2.51819886 
1.27090919 1.23576879 2.24698652 2.45246133 
1.27780297 1.374903 2.15094252 2.61648444 
1.25732935 1.20151781 2.089782 2.49757143 
1.26243013 1.21276565 2.04763657 2.57141945 
1.24597485 1.27378328 2.29343513 2.60703553 
1.28392915 1.24481841 2.1857982 2.65374814 
1.10911933 1.48614061 1.5713556 3.06140142 
1.28940154 1.27669665 2.25944485 2.68502067 
1.32233911 1.14343048 2.12796406 2.61841709 
1.21521873 1.19853928 2.20151672 2.78738924 
1.15408873 1.39464904 2.07372859 2.57283743 
1.38078194 1.12566229 2.27874861 2.6285911 
1.24311677 1.19301638 2.17586588 2.53052905 
1.25556035 1.28665475 2.10179343 2.51819886 
1.41662809 1.18936357 2.23973789 2.66608321 
1.23780114 1.26853405 2.05632747 2.68217436 
1.23251128 1.38425211 2.04093665 2.59485071 
1.20752591 1.28927786 2.26415914 2.66283812 
1.19768668 1.25021072 1.9887555 2.59832255 
1.22591599 1.23573977 2.10452931 2.70229685 
1.27009695 1.20182838 2.08294555 2.58051206 
1.27009695 1.20182838 2.08294555 2.58051206 
0.9659837 1.7458072 1.59198745 2.79936325 
1.20088253 1.3152204 2.06105199 2.61059338 
1.36328067 1.29514014 2.1621453 2.6832159 
1.32807267 1.14586143 2.15199065 2.65981349 
1.21521873 1.19853928 2.20151672 2.78738924 
1.17583561 1.28663588 1.9766796 2.5260599 
1.32202695 1.22239145 2.0652221 2.69137637 
1.17583561 1.28663588 1.9766796 2.5260599 
0.9801588 1.63386019 1.47823557 3.03914801 
1.33696837 1.38198835 2.13229065 2.7194346 
1.23722722 1.22393987 2.33689502 2.59767552 
1.23780114 1.26853405 2.05632747 2.68217436 
1.57002275 0.99234146 2.22317282 2.53561991 
1.20088253 1.3152204 2.06105199 2.61059338 
1.19473667 1.24891377 2.15928251 2.56447976 
1.23251128 1.38425211 2.04093665 2.59485071 
1.31624266 1.23543413 1.98265253 2.42710066 
1.39676865 1.16649391 2.0681991 2.6023871 
0.96609583 1.7982004 1.5932938 3.13816154 
1.19882642 1.27252747 2.05020417 2.80379648 
1.27780297 1.374903 2.15094252 2.61648444 
0.96995106 1.71300611 1.54322239 3.08715458 
1.36165293 1.13972349 2.18944691 2.7170161 
1.01011396 1.70422505 1.73509865 2.80854341 
1.30358013 1.29790867 2.22216279 2.78806572 
1.30358013 1.29790867 2.22216279 2.78806572 
1.15408873 1.39464904 2.07372859 2.57283743 
1.24311677 1.19301638 2.17586588 2.53052905 
1.10171418 1.59721336 1.80465671 2.81645469 
1.34655505 1.25274275 2.07982429 2.68168158 
1.26600424 1.16075481 2.35294716 2.6651195 
1.32807267 1.14586143 2.15199065 2.65981349 
1.05474125 1.5177232 1.70185368 2.7378203 
1.29430055 1.27927981 2.24037123 2.55249277 
1.25556035 1.28665475 2.10179343 2.51819886 
1.21521873 1.19853928 2.20151672 2.78738924 
1.27780297 1.374903 2.15094252 2.61648444 
1.06211553 1.40936969 2.1608253 2.67794094 
1.22591599 1.23573977 2.10452931 2.70229685 
1.3711561 1.26039418 2.22430478 2.58418699 
1.15408873 1.39464904 2.07372859 2.57283743 
1.27009695 1.20182838 2.08294555 2.58051206 
1.20088253 1.3152204 2.06105199 2.61059338 
1.39553216 1.11664863 2.13529184 2.44585819 
1.27009695 1.20182838 2.08294555 2.58051206 
1.24311677 1.19301638 2.17586588 2.53052905 
1.19768668 1.25021072 1.9887555 2.59832255 
1.12300639 1.59028992 2.00007352 2.60387863 
1.45317428 1.07540867 2.05992645 2.55029013 
1.23251128 1.38425211 2.04093665 2.59485071 
1.23780114 1.26853405 2.05632747 2.68217436 
1.27714868 1.09482118 2.16827278 2.56778539 
1.00792096 1.55929415 1.83501731 2.83821889 
1.32807267 1.14586143 2.15199065 2.65981349 
1.02216636 1.69776289 1.73179862 2.98861449 
1.19882642 1.27252747 2.05020417 2.80379648 
1.20088253 1.3152204 2.06105199 2.61059338 
1.17583561 1.28663588 1.9766796 2.5260599 
1.03536841 1.68812697 1.50092824 3.15873897 
1.17583561 1.28663588 1.9766796 2.5260599 
1.27112945 1.18116303 2.14097322 2.56504979 
1.25556035 1.28665475 2.10179343 2.51819886 
1.22591599 1.23573977 2.10452931 2.70229685 
1.32202695 1.22239145 2.0652221 2.69137637 
1.01115624 1.66268146 1.90032142 2.97335047 
1.23251128 1.38425211 2.04093665 2.59485071 
1.31624266 1.23543413 1.98265253 2.42710066 
1.21521873 1.19853928 2.20151672 2.78738924 
1.01657295 1.69678217 1.58988933 3.04746742 
1.19882642 1.27252747 2.05020417 2.80379648 
1.27780297 1.374903 2.15094252 2.61648444 
1.30358013 1.29790867 2.22216279 2.78806572 
1.00853179 1.5710594 1.5708884 2.87394155 
1.21521873 1.19853928 2.20151672 2.78738924 
1.27284744 1.20135607 2.23081028 2.47328667 
1.18155711 1.40216524 2.10801476 2.66682513 
1.4330039 1.04023796 2.31092918 2.47027205 
1.25556035 1.28665475 2.10179343 2.51819886 
0.92806232 1.80887748 1.4765039 2.80943299 
1.36165293 1.13972349 2.18944691 2.7170161 
1.23780114 1.26853405 2.05632747 2.68217436 
1.33274008 1.20922955 2.22925097 2.57843266 
1.23722722 1.22393987 2.33689502 2.59767552 
1.59322011 1.04223452 2.14672436 2.5083572 
1.36491448 1.21863203 2.14212562 2.62503426 
1.55431194 0.97881547 2.19460484 2.64346643 
1.09860133 1.50231953 1.49258817 2.90744295 
1.32202695 1.22239145 2.0652221 2.69137637 
1.27009695 1.20182838 2.08294555 2.58051206 
1.23780114 1.26853405 2.05632747 2.68217436 
1.00135297 1.53529006 1.67164462 3.03428432 
1.23251128 1.38425211 2.04093665 2.59485071 
1.27780297 1.374903 2.15094252 2.61648444 
1.28918998 1.24197558 2.0688714 2.42694964 
1.02302723 1.45080331 1.89394538 2.83593447 
1.24311677 1.19301638 2.17586588 2.53052905 
1.23722722 1.22393987 2.33689502 2.59767552 
1.59066854 1.07003723 2.01159404 2.71441247 
1.22591599 1.23573977 2.10452931 2.70229685 
1.15408873 1.39464904 2.07372859 2.57283743 
1.17583561 1.28663588 1.9766796 2.5260599 
1.20088253 1.3152204 2.06105199 2.61059338 
1.10911933 1.48614061 1.5713556 3.06140142 
1.30113342 1.15393205 2.16580989 2.55481651 
1.17583561 1.28663588 1.9766796 2.5260599 
1.37962889 1.15657509 2.1136785 2.62761135 
1.27714868 1.09482118 2.16827278 2.56778539 
1.19768668 1.25021072 1.9887555 2.59832255 
1.27112945 1.18116303 2.14097322 2.56504979 
1.19882642 1.27252747 2.05020417 2.80379648 
1.22591599 1.23573977 2.10452931 2.70229685 
1.27009695 1.20182838 2.08294555 2.58051206 
1.32202695 1.22239145 2.0652221 2.69137637 
1.23251128 1.38425211 2.04093665 2.59485071 
1.22082119 1.32007973 2.31483512 2.65002073 
1.03536841 1.68812697 1.50092824 3.15873897 
1.25556035 1.28665475 2.10179343 2.51819886 
1.20088253 1.3152204 2.06105199 2.61059338 
1.21521873 1.19853928 2.20151672 2.78738924 
1.19198476 1.32440981 2.15904402 2.64444002 
1.16918909 1.48005522 1.63140565 2.67555946 
1.32233911 1.14343048 2.12796406 2.61841709 
1.19882642 1.27252747 2.05020417 2.80379648 
1.31624266 1.23543413 1.98265253 2.42710066 
1.27780297 1.374903 2.15094252 2.61648444 
1.35022869 1.18643137 2.31966364 2.65922845 
1.21521873 1.19853928 2.20151672 2.78738924 
1.30358013 1.29790867 2.22216279 2.78806572 
1.34453073 1.19312596 2.19997684 2.61857063 
1.36725224 1.15486896 2.11086384 2.58288911 
1.2674444 1.20303783 2.11930015 2.68136606 
1.23780114 1.26853405 2.05632747 2.68217436 
1.23251128 1.38425211 2.04093665 2.59485071 
0.96396695 1.69673467 1.5814224 2.81992062 
1.23780114 1.26853405 2.05632747 2.68217436 
1.32202695 1.22239145 2.0652221 2.69137637 
1.27780297 1.374903 2.15094252 2.61648444 
1.23238013 1.26039989 1.93959638 2.81183851 
1.35022869 1.18643137 2.31966364 2.65922845 
1.27009695 1.20182838 2.08294555 2.58051206 
1.17583561 1.28663588 1.9766796 2.5260599 
1.31621821 1.18560879 2.08293138 2.56395954 
1.36165293 1.13972349 2.18944691 2.7170161 
1.29212145 1.25548677 2.14957503 2.77923594 
0.92806232 1.80887748 1.4765039 2.80943299 
1.29212145 1.25548677 2.14957503 2.77923594 
1.05720007 1.54630828 1.63920355 2.74926311 
1.0947687 1.34106267 1.92828945 2.46084773 
1.17583561 1.28663588 1.9766796 2.5260599 
1.30577503 1.20138935 2.125985 2.66836858 
1.41788165 1.08273242 2.2403397 2.45561226 
1.15420748 1.32369052 2.03212343 2.59070972 
0.97792181 1.69278505 1.72243995 3.26528886 
1.36676913 1.15453958 2.16299175 2.53957322 
1.27714868 1.09482118 2.16827278 2.56778539 
0.99782765 1.45322891 1.93921092 2.78917994 
1.02651585 1.70381521 1.60875923 2.74671922 
1.23251128 1.38425211 2.04093665 2.59485071 
1.20088253 1.3152204 2.06105199 2.61059338 
1.47203278 1.05151816 2.15624387 2.63194433 
1.36165293 1.13972349 2.18944691 2.7170161 
1.25556035 1.28665475 2.10179343 2.51819886 
1.27009695 1.20182838 2.08294555 2.58051206 
1.27780297 1.374903 2.15094252 2.61648444 
1.02352764 1.73278562 1.56984233 3.01134199 
1.25556035 1.28665475 2.10179343 2.51819886 
1.21521873 1.19853928 2.20151672 2.78738924 
1.22591599 1.23573977 2.10452931 2.70229685 
1.31624266 1.23543413 1.98265253 2.42710066 
1.30358013 1.29790867 2.22216279 2.78806572 
1.19882642 1.27252747 2.05020417 2.80379648 
1.23251128 1.38425211 2.04093665 2.59485071 
1.06924825 1.56325585 1.87432917 2.75973203 
1.21521873 1.19853928 2.20151672 2.78738924 
1.30358013 1.29790867 2.22216279 2.78806572 
1.23780114 1.26853405 2.05632747 2.68217436 
1.23780114 1.26853405 2.05632747 2.68217436 
1.03536841 1.68812697 1.50092824 3.15873897 
1.20752591 1.28927786 2.26415914 2.66283812 
1.27780297 1.374903 2.15094252 2.61648444 
1.25732935 1.20151781 2.089782 2.49757143 
1.31980496 1.23155768 2.33373336 2.54109793 
1.27009695 1.20182838 2.08294555 2.58051206 
1.17583561 1.28663588 1.9766796 2.5260599 
1.25732935 1.20151781 2.089782 2.49757143 
1.02352764 1.73278562 1.56984233 3.01134199 
1.29589997 1.26046235 2.19338226 2.66378609 
1.34655505 1.25274275 2.07982429 2.68168158 
1.37130616 1.2602217 2.29226738 2.53417997 
1.36165293 1.13972349 2.18944691 2.7170161 
1.17583561 1.28663588 1.9766796 2.5260599 
1.32807267 1.14586143 2.15199065 2.65981349 
1.3051813 1.19179348 2.09826612 2.62392921 
1.02675405 1.44988318 1.96426204 2.78920194 
1.23251128 1.38425211 2.04093665 2.59485071 
1.20088253 1.3152204 2.06105199 2.61059338 
1.36409441 1.19236154 1.92587667 2.81819473 
1.27714868 1.09482118 2.16827278 2.56778539 
1.27780297 1.374903 2.15094252 2.61648444 
1.01193244 1.71649507 1.56258345 2.81992213 
1.03938746 1.46275845 1.73051288 2.91309873 
1.26243013 1.21276565 2.04763657 2.57141945 
1.27009695 1.20182838 2.08294555 2.58051206 
1.25556035 1.28665475 2.10179343 2.51819886 
1.37130616 1.2602217 2.29226738 2.53417997 
1.16603455 1.42528834 2.07689256 2.44774675 
1.36165293 1.13972349 2.18944691 2.7170161 
1.23251128 1.38425211 2.04093665 2.59485071 
1.22591599 1.23573977 2.10452931 2.70229685 
1.57854021 0.97502668 2.16922492 2.66901146 
1.30358013 1.29790867 2.22216279 2.78806572 
1.21521873 1.19853928 2.20151672 2.78738924 
1.25599763 1.19414338 2.06651139 2.34539459 
1.25556035 1.28665475 2.10179343 2.51819886 
1.31624266 1.23543413 1.98265253 2.42710066 
0.9564432 1.7031354 1.57827277 2.98195865 
1.3050016 1.17907858 2.31191693 2.58293393 
1.23780114 1.26853405 2.05632747 2.68217436 
1.14144266 1.41956067 1.75550734 2.72114592 
1.01878389 1.59829001 1.60444238 2.99201914 
0.93715164 1.78421459 1.55521393 2.81101344 
1.19041719 1.27174239 2.18015477 2.61373732 
1.23780114 1.26853405 2.05632747 2.68217436 
1.17583561 1.28663588 1.9766796 2.5260599 
1.33696837 1.38198835 2.13229065 2.7194346 
1.01193244 1.71649507 1.56258345 2.81992213 
1.20830577 1.3211128 2.04841506 2.59223407 
1.19882642 1.27252747 2.05020417 2.80379648 
1.27009695 1.20182838 2.08294555 2.58051206 
1.17583561 1.28663588 1.9766796 2.5260599 
1.47083366 1.04292589 2.15790102 2.61429517 
1.30358013 1.29790867 2.22216279 2.78806572 
1.2302467 1.25647266 1.59095773 3.08294644 
1.43157699 1.14330071 2.09716966 2.5707571 
1.23251128 1.38425211 2.04093665 2.59485071 
1.47258486 1.10455873 2.1416265 2.62521078 
1.36165293 1.13972349 2.18944691 2.7170161 
1.32807267 1.14586143 2.15199065 2.65981349 
1.15420748 1.32369052 2.03212343 2.59070972 
1.20088253 1.3152204 2.06105199 2.61059338 
1.33814858 1.23776667 2.06820558 2.68534292 
1.21521873 1.19853928 2.20151672 2.78738924 
1.25732935 1.20151781 2.089782 2.49757143 
1.031915 1.56819979 1.83319707 2.39911287 
1.14759143 1.27954973 2.01361117 2.5614346 
1.27780297 1.374903 2.15094252 2.61648444 
1.32558387 1.21601111 2.19915561 2.4958818 
0.97229099 1.76005511 1.59026691 3.00259346 
1.27009695 1.20182838 2.08294555 2.58051206 
1.25556035 1.28665475 2.10179343 2.51819886 
1.22591599 1.23573977 2.10452931 2.70229685 
1.00981308 1.73781284 1.57712218 2.76016853 
0.98582193 1.67248174 1.93125901 2.8710369 
1.26243013 1.21276565 2.04763657 2.57141945 
1.17583561 1.28663588 1.9766796 2.5260599 
1.39676865 1.16649391 2.0681991 2.6023871 
1.23780114 1.26853405 2.05632747 2.68217436 
1.02352764 1.73278562 1.56984233 3.01134199 
1.23780114 1.26853405 2.05632747 2.68217436 
1.26243013 1.21276565 2.04763657 2.57141945 
0.99554385 1.75807091 1.49735858 3.14850386 
1.19915243 1.21527934 2.2744602 2.55311019 
1.15408873 1.39464904 2.07372859 2.57283743 
1.11151192 1.45243323 2.02008666 2.69325471 
1.27112945 1.18116303 2.14097322 2.56504979 
1.3027574 1.13291081 2.0864846 2.77356507 
1.19473667 1.24891377 2.15928251 2.56447976 
1.29496542 1.21949771 2.17367956 2.50012711 
1.27009695 1.20182838 2.08294555 2.58051206 
1.04993757 1.40774738 1.98054077 2.63298186 
1.0028494 1.45695226 1.91728938 2.81231917 
1.25556035 1.28665475 2.10179343 2.51819886 
1.19882642 1.27252747 2.05020417 2.80379648 
1.36165293 1.13972349 2.18944691 2.7170161 
0.94676071 1.69568377 1.6102702 2.96560032 
1.24597485 1.27378328 2.29343513 2.60703553 
1.27780297 1.374903 2.15094252 2.61648444 
1.20088253 1.3152204 2.06105199 2.61059338 
1.15420748 1.32369052 2.03212343 2.59070972 
0.96995106 1.71300611 1.54322239 3.08715458 
1.16272811 1.45303416 1.63647129 2.75263912 
1.17583561 1.28663588 1.9766796 2.5260599 
1.29589997 1.26046235 2.19338226 2.66378609 
1.15420748 1.32369052 2.03212343 2.59070972 
1.30577503 1.20138935 2.125985 2.66836858 
1.21521873 1.19853928 2.20151672 2.78738924 
1.21521873 1.19853928 2.20151672 2.78738924 
0.97793577 1.64242342 1.57474844 3.05746033 
0.98357088 1.74757875 1.49352832 3.04209436 
1.32807267 1.14586143 2.15199065 2.65981349 
1.31624266 1.23543413 1.98265253 2.42710066 
1.25556035 1.28665475 2.10179343 2.51819886 
1.29212145 1.25548677 2.14957503 2.77923594 
1.586319 1.08411926 1.94848082 2.6335112 
1.27009695 1.20182838 2.08294555 2.58051206 
1.23780114 1.26853405 2.05632747 2.68217436 
1.06288539 1.43870295 2.04019499 2.75967571 
1.00882182 1.59378773 1.88006187 2.71596172 
1.01973972 1.83994588 1.54259412 3.08365709 
1.27780297 1.374903 2.15094252 2.61648444 
1.28984712 1.18220377 2.20582293 2.53241252 
1.27112945 1.18116303 2.14097322 2.56504979 
1.20752591 1.28927786 2.26415914 2.66283812 
1.31726073 1.15398191 2.16500429 2.45012172 
1.27577927 1.21087165 2.10743168 2.61724977 
1.22591599 1.23573977 2.10452931 2.70229685 
1.11615908 1.46426504 2.04068029 2.61292376 
1.03730712 1.49125106 2.08769729 2.78194498 
1.20088253 1.3152204 2.06105199 2.61059338 
1.16167345 1.38509811 2.22959389 2.57127211 
1.29212145 1.25548677 2.14957503 2.77923594 
1.36165293 1.13972349 2.18944691 2.7170161 
1.26243013 1.21276565 2.04763657 2.57141945 
1.00981308 1.73781284 1.57712218 2.76016853 
1.01973972 1.83994588 1.54259412 3.08365709 
1.19882642 1.27252747 2.05020417 2.80379648 
1.0323008 1.6758992 1.54438949 3.1118946 
1.22591599 1.23573977 2.10452931 2.70229685 
1.15420748 1.32369052 2.03212343 2.59070972 
1.15408873 1.39464904 2.07372859 2.57283743 
1.27009695 1.20182838 2.08294555 2.58051206 
1.07192882 1.69784513 1.50395222 2.98198302 
1.06769187 1.49122011 1.52753776 2.89596709 
1.28917293 1.24367382 2.134064 2.60911932 
0.97557095 1.64104914 1.54432116 3.12876819 
1.25556035 1.28665475 2.10179343 2.51819886 
1.29527599 1.17431652 2.13072933 2.29564648 
1.20088253 1.3152204 2.06105199 2.61059338 
1.21521873 1.19853928 2.20151672 2.78738924 
1.39676865 1.16649391 2.0681991 2.6023871 
1.36165293 1.13972349 2.18944691 2.7170161 
1.24048628 1.21515239 2.29565682 2.72127525 
1.28853781 1.37715967 2.19202083 2.48585703 
1.07936964 1.62243357 1.76242024 2.88649499 
1.00981308 1.73781284 1.57712218 2.76016853 
1.31122008 1.21702422 2.10684886 2.55468296 
1.09498092 1.30415886 2.10858149 2.62568968 
1.08054309 1.43769123 1.9490209 2.5630492 
1.06960942 1.57009166 1.73349932 2.97929872 
1.00184821 1.51291038 1.95912187 2.80561843 
1.04405615 1.49989381 2.08153324 2.59200742 
1.24311677 1.19301638 2.17586588 2.53052905 
1.10911933 1.48614061 1.5713556 3.06140142 
1.19473667 1.24891377 2.15928251 2.56447976 
1.29212145 1.25548677 2.14957503 2.77923594 
1.3051813 1.19179348 2.09826612 2.62392921 
1.17096709 1.46908341 1.88244393 2.82041691 
0.98992933 1.71391716 1.53093933 3.03275907 
1.03554331 1.60618523 1.54937633 2.79834394 
0.95134456 1.81710107 1.57774347 2.84399346 
1.19882642 1.27252747 2.05020417 2.80379648 
1.07192882 1.69784513 1.50395222 2.98198302 
1.15420748 1.32369052 2.03212343 2.59070972 
1.28969847 1.1828315 2.21129865 2.52680019 
1.27112945 1.18116303 2.14097322 2.56504979 
1.32807267 1.14586143 2.15199065 2.65981349 
1.09042484 1.61816099 1.62872383 2.86617212 
1.25556035 1.28665475 2.10179343 2.51819886 
1.20088253 1.3152204 2.06105199 2.61059338 
1.36165293 1.13972349 2.18944691 2.7170161 
1.26243013 1.21276565 2.04763657 2.57141945 
1.22591599 1.23573977 2.10452931 2.70229685 
1.25556035 1.28665475 2.10179343 2.51819886 
1.25298135 1.27044253 2.12205091 2.66398358 
1.05383653 1.68967994 1.58397742 2.90271338 
1.15408873 1.39464904 2.07372859 2.57283743 
1.07773023 1.61169681 1.71584447 2.90845753 
1.36165293 1.13972349 2.18944691 2.7170161 
1.15420748 1.32369052 2.03212343 2.59070972 
1.29098185 1.20893491 2.0802704 2.63733985 
1.31624266 1.23543413 1.98265253 2.42710066 
1.29488106 1.30688357 2.13744985 2.70107302 
1.03226914 1.49047899 1.80808251 2.6993867 
1.09716351 1.54509055 1.58539278 3.05249947 
1.11454399 1.47864957 1.93760703 2.62631292 
1.41504934 1.15608548 2.08191771 2.58566793 
1.21521873 1.19853928 2.20151672 2.78738924 
1.19768668 1.25021072 1.9887555 2.59832255 
1.27112945 1.18116303 2.14097322 2.56504979 
1.29212145 1.25548677 2.14957503 2.77923594 
1.09716351 1.54509055 1.58539278 3.05249947 
1.43834731 1.10769542 2.19000856 2.64159817 
1.08427029 1.50286822 1.74243652 2.72167215 
1.20088253 1.3152204 2.06105199 2.61059338 
1.19471624 1.37882626 1.98490063 2.66997426 
1.29589997 1.26046235 2.19338226 2.66378609 
1.32807267 1.14586143 2.15199065 2.65981349 
1.27112945 1.18116303 2.14097322 2.56504979 
1.05383653 1.68967994 1.58397742 2.90271338 
1.19473667 1.24891377 2.15928251 2.56447976 
1.22591599 1.23573977 2.10452931 2.70229685 
1.15420748 1.32369052 2.03212343 2.59070972 
1.15408873 1.39464904 2.07372859 2.57283743 
0.90668514 1.73089116 1.55331301 2.86280235 
1.09716351 1.54509055 1.58539278 3.05249947 
1.30358013 1.29790867 2.22216279 2.78806572 
1.31624266 1.23543413 1.98265253 2.42710066 
1.36165293 1.13972349 2.18944691 2.7170161 
1.13903672 1.44947162 1.88784022 2.87540223 
1.05146666 1.60464429 1.64250381 2.82764781 
1.21521873 1.19853928 2.20151672 2.78738924 
1.6135531 1.09732168 2.18195962 2.36221453 
1.10212622 1.33992127 2.0308196 2.80606239 
1.05840648 1.4711309 1.79385816 2.98044215 
1.05776696 1.63160827 1.4173498 2.79357858 
1.00276719 1.53223687 1.709596 2.78983048 
1.15420748 1.32369052 2.03212343 2.59070972 
1.26243013 1.21276565 2.04763657 2.57141945 
1.28324362 1.08607595 2.18513183 2.53838717 
1.33782857 1.19719418 1.88083109 2.69694051 
1.32807267 1.14586143 2.15199065 2.65981349 
1.29212145 1.25548677 2.14957503 2.77923594 
1.19768668 1.25021072 1.9887555 2.59832255 
1.15408873 1.39464904 2.07372859 2.57283743 
1.33649696 1.18705384 2.12109533 2.58350681 
1.30577503 1.20138935 2.125985 2.66836858 
1.20088253 1.3152204 2.06105199 2.61059338 
1.12112279 1.69379027 1.58663349 2.89178375 
1.0887342 1.49529678 1.84890477 2.85908722 
1.32233911 1.14343048 2.12796406 2.61841709 
1.00460769 1.48065018 1.93243714 2.74422137 
1.54647835 1.07560049 2.09088727 2.67012784 
1.36328067 1.29514014 2.1621453 2.6832159 
1.28201471 1.21993038 2.16726131 2.37736029 
1.09716351 1.54509055 1.58539278 3.05249947 
1.15420748 1.32369052 2.03212343 2.59070972 
0.95152425 1.76248727 1.85017446 2.61263211 
1.32807267 1.14586143 2.15199065 2.65981349 
1.27112945 1.18116303 2.14097322 2.56504979 
1.06448432 1.40073813 1.9692573 2.63294483 
1.07517253 1.48848524 1.73584049 2.99331477 
1.26536341 1.23434659 2.08492411 2.49075042 
1.19473667 1.24891377 2.15928251 2.56447976 
1.22591599 1.23573977 2.10452931 2.70229685 
0.9621473 1.66517033 1.58738994 2.95299489 
1.30358013 1.29790867 2.22216279 2.78806572 
1.32202695 1.22239145 2.0652221 2.69137637 
1.43100707 1.13379697 2.11866923 2.59215863 
1.12112279 1.69379027 1.58663349 2.89178375 
1.26243013 1.21276565 2.04763657 2.57141945 
1.31393095 1.17130531 2.22203783 2.43769346 
1.33116157 1.21189798 2.08722408 2.7713516 
1.21083913 1.30431737 2.04187373 2.49356966 
1.51603384 1.05107491 2.16694821 2.44531193 
1.36165293 1.13972349 2.18944691 2.7170161 
1.15420748 1.32369052 2.03212343 2.59070972 
1.21207953 1.24486444 1.94924616 2.62077799 
0.94669026 1.75482225 1.48082338 2.90294957 
1.30358013 1.29790867 2.22216279 2.78806572 
1.48982215 1.11428982 2.05988685 2.52348621 
1.15408873 1.39464904 2.07372859 2.57283743 
1.32807267 1.14586143 2.15199065 2.65981349 
1.34022448 1.17456058 2.05229945 2.81860965 
1.19882642 1.27252747 2.05020417 2.80379648 
1.16289676 1.31029228 2.16694422 2.49816465 
1.29589997 1.26046235 2.19338226 2.66378609 
1.15420748 1.32369052 2.03212343 2.59070972 
1.1157082 1.58268174 1.68946258 3.06019688 
1.11761121 1.27967291 2.07458993 2.54036756 
1.19768668 1.25021072 1.9887555 2.59832255 
1.34355881 1.16972549 2.1617356 2.64616729 
1.36024321 1.17816918 2.12195148 2.36747346 
1.34112568 1.16115102 2.09495579 2.54508421 
1.24597485 1.27378328 2.29343513 2.60703553 
1.36343769 1.14728246 2.13223673 2.68749559 
1.13366072 1.33823817 2.14657715 2.62896613 
1.32202695 1.22239145 2.0652221 2.69137637 
1.05840648 1.4711309 1.79385816 2.98044215 
1.45095261 1.13279034 2.04171355 2.58346396 
0.98812846 1.59979924 1.85500279 3.10910051 
0.99565643 1.74971008 1.64744496 2.65084859 
0.99890305 1.7896861 1.33989664 2.97416702 
1.22591599 1.23573977 2.10452931 2.70229685 
1.28657094 1.24701192 1.94773185 2.50609616 
1.03759778 1.41772607 1.73295613 2.94344055 
1.00941457 1.63302777 1.55357727 3.01774436 
1.18622813 1.31884953 1.95570042 2.57569008 
1.17701691 1.31604776 2.25154271 2.66521892 
1.1434733 1.34743742 2.07522292 2.48117516 
1.02748609 1.61839461 1.86328351 2.70082177 
0.98087405 1.61132389 1.80532885 2.75113886 
1.11085269 1.34112492 2.00565827 2.69065484 
1.04354231 1.51122025 2.08769266 2.69471262 
1.32807267 1.14586143 2.15199065 2.65981349 
1.30358013 1.29790867 2.22216279 2.78806572 
1.16460348 1.29809068 2.02671844 2.58989935 
1.15420748 1.32369052 2.03212343 2.59070972 
0.93355558 1.69165088 1.54620393 3.0157899 
1.23296999 1.35965921 1.90806786 2.81648206 
1.54960022 1.07960017 2.0969475 2.64308914 
1.09716351 1.54509055 1.58539278 3.05249947 
1.23466815 1.30640641 2.17966815 2.59996656 
1.29589997 1.26046235 2.19338226 2.66378609 
1.15420748 1.32369052 2.03212343 2.59070972 
1.0234411 1.63629696 1.8263998 2.83158837 
1.24048628 1.21515239 2.29565682 2.72127525 
1.30577503 1.20138935 2.125985 2.66836858 
1.39676865 1.16649391 2.0681991 2.6023871 
1.37670484 1.11888979 2.12953414 2.57456073 
1.33620591 1.33921729 2.23982785 2.5093322 
1.35244434 1.2631354 2.09850952 2.67055729 
1.35244434 1.2631354 2.09850952 2.67055729 
1.19768668 1.25021072 1.9887555 2.59832255 
1.44524326 1.10924846 2.12286843 2.59478402 
1.32807267 1.14586143 2.15199065 2.65981349 
1.19473667 1.24891377 2.15928251 2.56447976 
1.19473667 1.24891377 2.15928251 2.56447976 
1.29212145 1.25548677 2.14957503 2.77923594 
1.15408873 1.39464904 2.07372859 2.57283743 
1.19882642 1.27252747 2.05020417 2.80379648 
1.21241405 1.27596726 2.06840407 2.65355225 
1.24597485 1.27378328 2.29343513 2.60703553 
1.32202695 1.22239145 2.0652221 2.69137637 
1.03123684 1.71269948 1.55924737 2.97064248 
0.93355558 1.69165088 1.54620393 3.0157899 
0.95262677 1.88749224 1.59468124 3.0787744 
1.32807267 1.14586143 2.15199065 2.65981349 
1.00297693 1.60954336 1.71565986 2.7900327 
1.19882642 1.27252747 2.05020417 2.80379648 
1.15420748 1.32369052 2.03212343 2.59070972 
1.26243013 1.21276565 2.04763657 2.57141945 
1.26243013 1.21276565 2.04763657 2.57141945 
1.07468504 1.32338179 2.14129238 2.60454897 
0.93493293 1.65945977 1.59771367 3.10379034 
1.56705579 1.04168818 2.39563243 2.43023862 
1.33798902 1.17216136 2.2120051 2.74898668 
0.97549531 1.70924333 1.9019452 2.67661468 
1.06727603 1.59130895 1.38821884 2.97615043 
1.0323008 1.6758992 1.54438949 3.1118946 
1.32807267 1.14586143 2.15199065 2.65981349 
1.01232693 1.52533398 2.0666544 2.78687553 
1.01790529 1.62602833 1.56421835 3.02037786 
1.17019785 1.37067551 2.03414414 2.60191144 
1.19768668 1.25021072 1.9887555 2.59832255 
1.05014706 1.76026534 1.46854939 2.75419174 
1.00297693 1.60954336 1.71565986 2.7900327 
0.98576629 1.4920644 1.61271079 3.01098144 
1.29212145 1.25548677 2.14957503 2.77923594 
1.29212145 1.25548677 2.14957503 2.77923594 
1.27112945 1.18116303 2.14097322 2.56504979 
1.0323008 1.6758992 1.54438949 3.1118946 
1.03465225 1.52597197 2.01042912 2.75464855 
1.00188359 1.73803138 1.55492006 2.99600144 
1.03027561 1.46811969 1.58009635 3.02668957 
1.39676865 1.16649391 2.0681991 2.6023871 
0.97289797 1.60281471 1.40767522 2.82141184 
1.31140844 1.20209084 1.99367111 2.47005886 
1.0323008 1.6758992 1.54438949 3.1118946 
1.02355779 1.65527222 1.75705581 2.60688811 
1.30281452 1.20776184 2.08008848 2.59408631 
1.19473667 1.24891377 2.15928251 2.56447976 
1.25732935 1.20151781 2.089782 2.49757143 
1.32690111 1.18067521 2.15154902 2.41700933 
1.32968454 1.1457595 2.27593424 2.60057081 
1.24474014 1.14898564 2.03887776 2.66042396 
0.92648168 1.65167511 1.86417877 3.09448509 
1.04539089 1.40583955 1.95938025 2.61458323 
1.25613821 1.29149228 1.95178025 2.72374114 
1.27112945 1.18116303 2.14097322 2.56504979 
1.32202695 1.22239145 2.0652221 2.69137637 
1.19882642 1.27252747 2.05020417 2.80379648 
1.32807267 1.14586143 2.15199065 2.65981349 
1.06822072 1.35811693 2.08104848 2.65376715 
1.33982926 1.29554751 2.04582678 2.86361217 
1.36165293 1.13972349 2.18944691 2.7170161 
1.11885136 1.42273151 1.99225097 2.36896764 
1.25897768 1.1755888 2.09695615 2.42618218 
1.12112279 1.69379027 1.58663349 2.89178375 
1.5527914 1.06280225 2.09748736 2.66642934 
1.07193868 1.45304273 1.58064669 2.81006706 
1.19768668 1.25021072 1.9887555 2.59832255 
0.93355558 1.69165088 1.54620393 3.0157899 
1.20752591 1.28927786 2.26415914 2.66283812 
1.33620591 1.33921729 2.23982785 2.5093322 
1.03449622 1.59358052 1.57910952 2.9055675 
1.0702781 1.42200501 2.03851084 2.63913292 
1.2617073 1.16788112 2.04994549 2.80892725 
1.15420748 1.32369052 2.03212343 2.59070972 
1.53702067 1.06699406 2.14413504 2.52347106 
1.12406579 1.35283651 1.84874577 2.45764783 
1.03487808 1.49578125 1.94946733 2.80629965 
1.19768668 1.25021072 1.9887555 2.59832255 
1.19782975 1.12979758 2.17022289 2.45274999 
1.02286117 1.89155135 1.42103317 2.75049158 
0.99169594 1.60127446 1.65430605 3.35299798 
1.24526897 1.22266278 2.0435022 2.77833517 
1.39992353 1.16773255 2.21570599 2.40338501 
1.32202695 1.22239145 2.0652221 2.69137637 
1.33274008 1.20922955 2.22925097 2.57843266 
1.06105305 1.37119158 2.05577632 2.56188073 
1.03757158 1.59514335 1.59670409 2.8973224 
1.16709555 1.28615528 2.10368975 2.54759548 
1.1549692 1.44212931 2.08575699 2.65021769 
1.21903744 1.37879712 2.08148785 2.67115919 
1.36165293 1.13972349 2.18944691 2.7170161 
1.00669914 1.49447659 1.74664463 2.9925171 
1.49592463 0.99532079 2.27682227 2.41101422 
0.9746271 1.78378532 1.54966161 2.86501085 
1.05393352 1.60559281 1.53937783 3.10357976 
1.29615219 1.21221685 2.06609793 2.65407085 
1.07513632 1.46855126 1.92432603 2.82347077 
1.08307111 1.4660419 1.94848133 2.38104324 
1.25849269 1.21075703 2.03197754 2.75773652 
1.32807267 1.14586143 2.15199065 2.65981349 
1.48675942 1.10238152 2.22009173 2.43569465 
1.27074568 1.25354536 1.91638969 2.77582765 
1.32202695 1.22239145 2.0652221 2.69137637 
1.07005401 1.44591054 1.87912122 2.58035112 
1.13211018 1.36410457 2.05673253 2.54776437 
1.05490145 1.48719774 1.90116626 2.73037732 
1.30725563 1.22331466 2.06617897 2.60231505 
1.0082178 1.56026521 1.89969121 2.61774102 
0.96283968 1.93370859 1.47518405 2.76778888 
0.99644441 1.61518655 1.5492262 2.78825462 
1.38585319 1.16350236 2.12434262 2.53554644 
0.96280231 1.68714736 1.52602839 3.04035037 
1.03757158 1.59514335 1.59670409 2.8973224 
1.12112279 1.69379027 1.58663349 2.89178375 
1.11642192 1.40237325 1.91807685 2.53755428 
1.06691508 1.5230173 1.76123698 2.69279197 
1.03449622 1.59358052 1.57910952 2.9055675 
0.97401854 1.61940369 1.56145064 2.93737471 
1.44987332 1.12969521 2.07385798 2.5109292 
1.50829601 1.07427398 2.13399616 2.58922297 
1.03236746 1.61022061 1.57580902 2.87079336 
1.06410486 1.47040368 1.78993392 2.74284398 
1.30577503 1.20138935 2.125985 2.66836858 
1.32202695 1.22239145 2.0652221 2.69137637 
1.03449622 1.59358052 1.57910952 2.9055675 
1.32807267 1.14586143 2.15199065 2.65981349 
1.31545638 1.34870523 2.26899072 2.47941971 
1.05393352 1.60559281 1.53937783 3.10357976 
1.31236855 1.20776875 1.97891439 2.48170836 
1.00135297 1.53529006 1.67164462 3.03428432 
1.0572195 1.62197644 1.6849464 2.78115127 
1.52179928 1.04749135 2.15862304 2.60689806 
1.26688309 1.22774557 2.17599622 2.40013988 
1.03757158 1.59514335 1.59670409 2.8973224 
0.95978835 1.63883875 1.5525546 3.20932948 
1.04916249 1.77657191 1.54007929 2.85486416 
1.15433592 1.34153569 1.84651366 3.1883472 
1.07054819 1.50388617 1.81455731 2.70919161 
1.04712465 1.51582694 1.94250643 2.59153136 
1.20752591 1.28927786 2.26415914 2.66283812 
1.38845784 1.11950087 2.21811389 2.46800934 
1.07160958 1.57288063 1.58542062 3.40636894 
1.2028249 1.39216453 2.03007993 2.6700688 
1.32202695 1.22239145 2.0652221 2.69137637 
1.1185671 1.38153655 1.97914258 2.62380831 
1.23906859 1.14836777 2.05502864 2.65407312 
1.11317849 1.40903664 1.94362889 2.48708681 
1.02255532 1.59616379 1.80105236 2.54081435 
1.03025188 1.52402054 1.81528911 2.93761974 
1.24702752 1.26616936 2.10979503 2.54729778 
0.99971497 1.55136596 2.07422262 2.70433657 
1.02358987 1.70184095 1.60583763 2.83479088 
1.07160958 1.57288063 1.58542062 3.40636894 
0.99993163 1.68171408 1.55419052 2.89702537 
1.24597485 1.27378328 2.29343513 2.60703553 
1.32202695 1.22239145 2.0652221 2.69137637 
1.04163504 1.62399626 1.7779457 2.77508886 
1.33449193 1.20235389 2.08146904 2.78063303 
1.26007441 1.1795171 2.15361777 2.55207948 
1.25965425 1.20576783 2.11079769 2.59419135 
1.23936238 1.20428658 2.11978534 2.473099 
0.96973406 1.59484431 1.9279419 2.64332648 
0.9746271 1.78378532 1.54966161 2.86501085 
1.29212145 1.25548677 2.14957503 2.77923594 
1.02031625 1.58257189 1.70619476 2.72637921 
1.27074568 1.25354536 1.91638969 2.77582765 
1.55956087 1.07204462 2.15105264 2.65512905 
1.19473667 1.24891377 2.15928251 2.56447976 
1.27112945 1.18116303 2.14097322 2.56504979 
1.06727603 1.59130895 1.38821884 2.97615043 
0.95140468 1.7520409 1.35369346 2.77458178 
1.44251843 1.13898294 2.11815719 2.81727101 
1.27841132 1.26483804 2.12147728 2.77636539 
1.35244434 1.2631354 2.09850952 2.67055729 
0.98254863 1.64162984 1.59955087 2.80945986 
1.10723805 1.34938641 2.0038855 2.71147308 
1.19768668 1.25021072 1.9887555 2.59832255 
0.95978835 1.63883875 1.5525546 3.20932948 
1.06727603 1.59130895 1.38821884 2.97615043 
0.95140468 1.7520409 1.35369346 2.77458178 
0.97557095 1.64104914 1.54432116 3.12876819 
1.36138954 1.16027849 2.17279033 2.65032452 
1.06171022 1.44137269 1.94752962 2.72820333 
1.29212145 1.25548677 2.14957503 2.77923594 
0.97862798 1.60331753 1.58728255 3.19175929 
0.95140468 1.7520409 1.35369346 2.77458178 
1.19768668 1.25021072 1.9887555 2.59832255 
1.13152061 1.40524538 1.97056622 2.72566507 
1.15352296 1.35257806 2.03630052 2.44278817 
1.30654208 1.1403646 2.31835261 2.41126284 
1.04767279 1.46584732 1.99078987 2.57103643 
1.00156556 1.57855251 1.55329346 2.64051952 
1.0740413 1.43866242 1.87951169 2.87616049 
0.97990185 1.84586945 1.40949042 3.00515351 
1.19473667 1.24891377 2.15928251 2.56447976 
0.99932392 1.66876644 1.58610206 3.12442247 
1.08294089 1.57021906 1.5786437 2.84679347 
1.06829592 1.56428954 1.52464851 3.07077552 
1.05820562 1.45489892 1.91035408 2.4776162 
1.24597485 1.27378328 2.29343513 2.60703553 
1.29212145 1.25548677 2.14957503 2.77923594 
1.02494337 1.40792191 1.81259206 2.43459484 
0.98067637 1.87633736 1.54760642 2.72317094 
1.34500677 1.19886439 2.09010282 2.54209272 
1.02631825 1.58633958 1.58062558 2.7748114 
0.94669026 1.75482225 1.48082338 2.90294957 
1.04409286 1.44282617 2.03309517 2.59129866 
0.96283968 1.93370859 1.47518405 2.76778888 
1.19768668 1.25021072 1.9887555 2.59832255 
1.56390866 1.02883595 2.14368838 2.60453725 
1.01790164 1.47016312 2.02743694 2.82203359 
1.4071076 1.10433716 2.14300379 2.44992819 
1.38048023 1.16138949 2.09204116 2.60170677 
1.29212145 1.25548677 2.14957503 2.77923594 
0.94345762 1.73373571 1.37764326 2.75035575 
1.33696837 1.38198835 2.13229065 2.7194346 
1.4732914 1.10193113 2.10189278 2.61304321 
1.14272681 1.43468115 1.80698609 2.63128166 
1.3286755 1.2086809 2.13061433 2.51756982 
1.12722956 1.3886593 2.09283064 2.47023487 
1.30358013 1.29790867 2.22216279 2.78806572 
1.2512067 1.2282365 1.96378971 2.45257581 
0.96160541 1.70239565 1.83697715 2.66667151 
1.24048628 1.21515239 2.29565682 2.72127525 
1.26243013 1.21276565 2.04763657 2.57141945 
1.03039695 1.55732276 1.66583556 2.54863361 
0.93355558 1.69165088 1.54620393 3.0157899 
1.25117188 1.29646375 1.86938713 2.56971601 
1.20752591 1.28927786 2.26415914 2.66283812 
1.10801277 1.35327096 2.05416563 2.58171428 
1.23546575 1.23129306 1.92098336 2.32267256 
1.00812697 1.74802429 1.55768992 2.99396004 
1.15689101 1.32454774 2.09920934 2.546826 
1.62318352 1.04702375 2.15104827 2.56537691 
0.98531364 1.74939456 1.5932243 2.87609799 
1.0019003 1.72253662 1.56789889 2.75127448 
1.23936238 1.20428658 2.11978534 2.473099 
1.08294089 1.57021906 1.5786437 2.84679347 
1.16507951 1.32061697 1.99820194 2.57701302 
1.60233605 0.97971058 2.37338309 2.36044503 
1.09590998 1.49975495 1.66307208 2.92657071 
1.14942644 1.38908459 1.99752898 2.80816288 
0.97194416 1.64609315 1.68255666 3.02175593 
1.0442976 1.55519964 1.76140381 2.87121995 
1.27112945 1.18116303 2.14097322 2.56504979 
1.24048628 1.21515239 2.29565682 2.72127525 
1.27879351 1.15792733 2.25269637 2.51963244 
1.00812697 1.74802429 1.55768992 2.99396004 
1.26243013 1.21276565 2.04763657 2.57141945 
1.15689101 1.32454774 2.09920934 2.546826 
1.27367278 1.25687552 2.00455763 2.42946942 
1.0669082 1.47887458 1.96053136 2.61089047 
1.07160958 1.57288063 1.58542062 3.40636894 
0.99927419 1.86275988 1.5345614 2.82364777 
1.49128573 1.07483289 2.15888194 2.45366141 
1.5634206 1.05922994 2.11597821 2.55052808 
1.03123684 1.71269948 1.55924737 2.97064248 
0.95140468 1.7520409 1.35369346 2.77458178 
1.2282722 1.41769498 2.21120144 2.48560849 
1.2539804 1.11701528 2.14668555 2.45726185 
1.22669991 1.30122168 1.99684674 2.66839562 
1.07160958 1.57288063 1.58542062 3.40636894 
1.35244434 1.2631354 2.09850952 2.67055729 
1.19473667 1.24891377 2.15928251 2.56447976 
1.10407492 1.60871878 1.7065382 2.84383379 
1.17707536 1.42065242 1.73015319 2.9102025 
1.03757158 1.59514335 1.59670409 2.8973224 
1.19808775 1.36214429 2.03996745 2.54499994 
1.1503103 1.56293144 1.72270021 2.70804758 
1.15617921 1.58355947 1.99444701 2.58651695 
0.95140468 1.7520409 1.35369346 2.77458178 
0.92708282 1.73254798 1.56714324 2.97952948 
1.27112945 1.18116303 2.14097322 2.56504979 
1.11206643 1.332493 1.77566443 2.74488292 
1.06674239 1.44465376 1.79794478 3.22995984 
1.08997441 1.53484265 2.16551988 2.48846231 
1.18932696 1.21065859 2.18699718 2.44757258 
1.17735287 1.31199445 2.01620592 2.71831681 
1.03287307 1.55589415 1.95701473 2.79188517 
1.00812697 1.74802429 1.55768992 2.99396004 
0.95818094 1.56515854 1.88733979 2.54716421 
1.11165121 1.71825132 1.67792702 2.74110825 
1.04114889 1.44575409 1.95845525 2.95416563 
1.14703616 1.40730196 2.02839539 2.47164262 
1.2555818 1.25197773 2.13728222 2.46179882 
1.00812697 1.74802429 1.55768992 2.99396004 
1.17707587 1.24631511 1.90438532 2.38292903 
1.20752591 1.28927786 2.26415914 2.66283812 
1.30577503 1.20138935 2.125985 2.66836858 
1.06784506 1.66036315 1.58727093 2.75968825 
1.24291678 1.32293683 2.07892534 2.52066695 
1.00812697 1.74802429 1.55768992 2.99396004 
1.49805397 1.00631289 2.31459227 2.53288307 
1.01329605 1.50883901 1.96227993 2.80505086 
1.15889402 1.40088849 1.85403171 2.7931093 
1.16711593 1.35212723 2.02868274 2.63550835 
1.19768668 1.25021072 1.9887555 2.59832255 
1.33346308 1.17221182 2.142549 2.57244774 
1.32953976 1.12108153 2.13108388 2.44771393 
1.19473667 1.24891377 2.15928251 2.56447976 
1.00574853 1.58351978 1.56084452 3.04678572 
1.35244434 1.2631354 2.09850952 2.67055729 
1.06496696 1.42837625 2.04450756 2.51878918 
1.29589997 1.26046235 2.19338226 2.66378609 
0.9746271 1.78378532 1.54966161 2.86501085 
1.57564328 1.10847537 2.21657676 2.45207629 
1.42981519 1.09355287 2.3021474 2.6333682 
1.39861722 1.18917301 2.21650502 2.53322191 
0.942832 1.72964016 1.41321908 2.77933108 
1.11592639 1.42494656 1.91568185 2.48066119 
1.0799781 1.58997632 1.57957635 2.85457701 
1.07674202 1.5640653 2.03808663 2.49612958 
1.27605001 1.30583281 2.00502163 2.67083862 
1.11825019 1.43501536 1.82475961 2.70665099 
1.04109862 1.43031763 1.82644752 2.90466198 
1.36328067 1.29514014 2.1621453 2.6832159 
0.942832 1.72964016 1.41321908 2.77933108 
1.01627275 1.46452094 2.00849469 2.55474126 
1.24048628 1.21515239 2.29565682 2.72127525 
1.30577503 1.20138935 2.125985 2.66836858 
1.14335913 1.43942537 2.0156615 2.52661995 
1.60713528 1.09233522 2.12548243 2.60430073 
1.01421257 1.64534126 1.5941147 2.7661093 
0.96290827 1.77278969 1.53416013 2.77772983 
0.98531364 1.74939456 1.5932243 2.87609799 
1.26243013 1.21276565 2.04763657 2.57141945 
1.45494233 1.10473013 2.13409296 2.43986947 
1.02677298 1.42376529 1.8947073 2.86456517 
1.01421257 1.64534126 1.5941147 2.7661093 
1.10707284 1.36225562 2.09517481 2.65837627 
1.08294089 1.57021906 1.5786437 2.84679347 
1.18092205 1.32332126 1.93100233 2.62357842 
1.05609545 1.56702142 2.15075777 2.48856562 
1.13727271 1.3889062 2.08842096 2.47342384 
1.17292961 1.28966112 2.17984863 2.29826816 
1.1246279 1.37157091 2.13718217 2.54966646 
0.99233117 1.61383222 1.54399779 2.78807749 
1.00043307 1.78729571 1.7750983 2.68895591 
1.24048628 1.21515239 2.29565682 2.72127525 
1.28714683 1.20902953 2.15692853 2.37777967 
1.05133501 1.48777566 1.80704834 2.52503833 
1.01849656 1.56531898 1.5879948 2.76845234 
0.99927419 1.86275988 1.5345614 2.82364777 
1.23467443 1.3091654 2.1508305 2.37750898 
1.13991054 1.31874785 2.05738804 2.58375597 
1.10549164 1.50381436 1.87990069 2.51989573 
1.17353168 1.43256906 1.71026561 2.92040162 
1.20856792 1.31067552 1.98402413 2.71081832 
0.98329418 1.68390965 1.80044598 2.75899201 
1.23782568 1.30140359 2.18624136 2.63389928 
1.38451373 1.17344438 2.26608754 2.43374459 
1.0799781 1.58997632 1.57957635 2.85457701 
1.00980841 1.74009049 1.8905097 2.63245296 
1.24048628 1.21515239 2.29565682 2.72127525 
1.0799781 1.58997632 1.57957635 2.85457701 
1.04699034 1.63691715 1.59141852 2.8219563 
1.13487903 1.36703201 1.95940734 2.6436593 
1.06784506 1.66036315 1.58727093 2.75968825 
0.97179804 1.83754066 1.39267722 2.74128105 
1.31753664 1.15690948 2.1562103 2.46741533 
1.00043307 1.78729571 1.7750983 2.68895591 
0.96984469 1.73796813 1.5409621 2.9915143 
1.24224546 1.22756687 2.05130087 2.46392303 
1.06784506 1.66036315 1.58727093 2.75968825 
1.00743158 1.54694611 2.03266117 2.47595029 
1.17092754 1.33108769 2.2272114 2.65399388 
1.07497624 1.68402387 1.5999961 2.76066394 
1.06538717 1.42915083 2.01401071 2.58727154 
1.45574767 1.08885778 2.14655467 2.38153568 
1.07832925 1.44698935 2.04650178 2.64197921 
1.42982527 1.10869145 2.09007289 2.53962155 
0.97810104 1.57754521 1.57660464 2.9694261 
1.07497624 1.68402387 1.5999961 2.76066394 
1.30564423 1.12562618 2.13608654 2.26462795 
0.98531364 1.74939456 1.5932243 2.87609799 
1.29589997 1.26046235 2.19338226 2.66378609 
0.98887058 1.65152947 1.59067982 3.06612554 
1.10187371 1.38810918 1.93428972 2.52667169 
1.05117929 1.60344416 1.55952835 3.08919436 
1.06784506 1.66036315 1.58727093 2.75968825 
1.02164276 1.5750844 1.65197238 2.99344776 
1.24048628 1.21515239 2.29565682 2.72127525 
0.99233117 1.61383222 1.54399779 2.78807749 
0.93422682 1.6821609 1.5555111 3.36510058 
1.02255532 1.59616379 1.80105236 2.54081435 
0.99233117 1.61383222 1.54399779 2.78807749 
1.03123981 1.62517455 1.71941234 2.73360202 
1.12673368 1.39351231 1.96583168 2.66361955 
1.12260286 1.42304778 2.02165029 2.55201649 
1.08266871 1.45146019 2.01024516 2.58365227 
1.15232779 1.44562233 1.53557579 2.86824955 
1.32953976 1.12108153 2.13108388 2.44771393 
1.07497624 1.68402387 1.5999961 2.76066394 
1.06229381 1.48137455 1.67158226 2.73061495 
1.04709687 1.68787864 1.761846 2.59251867 
1.17816249 1.47350277 1.87052303 2.66355869 
1.08020131 1.3951561 1.96470305 2.59636828 
1.02038213 1.69825557 1.58099459 2.85136194 
0.96283968 1.93370859 1.47518405 2.76778888 
1.4472405 1.06534174 2.30252552 2.55440902 
1.35673569 1.1527219 2.2108221 2.65003183 
1.02038213 1.69825557 1.58099459 2.85136194 
0.98531364 1.74939456 1.5932243 2.87609799 
1.06784506 1.66036315 1.58727093 2.75968825 
0.99170189 1.57307969 1.93124518 2.50714939 
1.0169452 1.58803755 1.70237672 2.97553854 
1.10025385 1.41218078 2.12105929 2.4215081 
1.10355235 1.4320461 1.98687577 2.77513096 
1.05117929 1.60344416 1.55952835 3.08919436 
1.27034559 1.19331263 2.12848593 2.58830243 
1.02714627 1.5178543 1.5762637 2.88936033 
1.23170346 1.21923698 1.9282362 2.38592477 
1.05117929 1.60344416 1.55952835 3.08919436 
1.40796572 1.12900078 2.13619843 2.57162441 
1.37271951 1.12691875 2.11399196 2.45847101 
1.29589997 1.26046235 2.19338226 2.66378609 
1.00888018 1.52007037 1.77300095 2.69088539 
0.92708282 1.73254798 1.56714324 2.97952948 
0.92708282 1.73254798 1.56714324 2.97952948 
1.35222621 1.13102902 2.34495796 2.41974936 
1.20494507 1.39721852 1.84391376 2.85070964 
0.92708282 1.73254798 1.56714324 2.97952948 
1.0193247 1.5704073 1.81484833 2.69033285 
1.18287988 1.32240946 1.93145635 2.72660788 
1.33737586 1.16951889 2.18292636 2.02730733 
1.03562608 1.50145582 1.96316088 2.59952802 
1.06274606 1.47188261 2.04712602 2.33874895 
1.00245102 1.6499181 1.67937744 2.83886601 
0.98091842 1.57103551 2.00314802 2.49215508 
1.12226151 1.45178838 1.76870621 2.88704534 
1.35244434 1.2631354 2.09850952 2.67055729 
1.13049768 1.46780748 1.88954549 2.80956665 
1.06250791 1.61248066 1.53528848 2.89014283 
0.97788733 1.63389079 1.55137893 2.77320477 
1.29589997 1.26046235 2.19338226 2.66378609 
1.11287054 1.44872254 2.08152629 2.46970045 
1.05827848 1.47341392 1.99522822 2.55515505 
0.93782478 1.59225245 1.72483492 2.7347064 
0.98206616 1.73977664 1.55543076 2.78618881 
0.96241622 1.74280003 1.57340532 2.75905571 
1.28563976 1.13953333 2.29627435 2.61617929 
1.46605509 1.07892776 2.1257126 2.62618234 
1.27010058 1.20088603 2.18629786 2.43194367 
1.00845437 1.60345111 1.81968216 2.77562197 
1.02920562 1.72159387 1.34710207 2.76987363 
1.39638911 1.13459338 2.10259441 2.48779548 
1.14588392 1.35759048 2.06835967 2.40473074 
1.27780403 1.20625343 2.14081761 2.57347069 
1.5391514 1.05092966 2.04400764 2.52383235 
1.00270126 1.63270935 1.90256464 2.5157841 
1.06170118 1.45629338 2.0656811 2.62922749 
1.0271168 1.65492481 1.76893477 2.62738244 
1.16849281 1.33984727 2.06833298 2.62476699 
1.15232779 1.44562233 1.53557579 2.86824955 
1.05402067 1.65782224 1.52275666 2.89177278 
0.96984469 1.73796813 1.5409621 2.9915143 
1.19627739 1.33182023 2.07245377 2.80242275 
1.17441813 1.3439701 2.13883677 2.69024142 
1.16875789 1.30399503 2.02438418 2.78912032 
0.96984469 1.73796813 1.5409621 2.9915143 
1.46458979 1.09128214 2.15125244 2.37943532 
1.07646856 1.45792986 1.71618218 2.61757724 
1.38247723 1.16350578 2.14160247 2.52039091 
1.10958873 1.52874183 1.76064321 2.64282663 
1.0787865 1.39668425 1.90933065 2.48195238 
1.22417264 1.24857427 2.27779445 2.64947394 
1.15418724 1.32975553 2.00044358 2.47030349 
1.26745367 1.21487338 2.13989267 2.46432988 
1.29589997 1.26046235 2.19338226 2.66378609 
1.08752597 1.39087016 1.86850563 2.49922762 
1.06042158 1.63589035 1.56231485 2.8805629 
1.15410999 1.37451932 2.1354524 2.27344139 
1.02620762 1.49530816 1.66448703 2.68955257 
0.92573046 1.80585074 1.58673622 2.83335348 
1.42234655 1.10205597 2.2120235 2.61603222 
0.97845357 1.61752377 1.59022497 2.9678361 
1.05230047 1.5069514 1.8374741 2.73842116 
0.97032713 1.65341636 1.75196569 2.70486385 
1.21542304 1.2387217 1.92135907 2.56602855 
1.30995561 1.19763855 2.21575037 2.65143743 
1.29449916 1.19122997 2.40104425 2.35996293 
1.29449916 1.19122997 2.40104425 2.35996293 
1.17177229 1.23871406 2.23402621 2.55917757 
1.41662809 1.18936357 2.23973789 2.66608321 
1.31980496 1.23155768 2.33373336 2.54109793 
1.24597485 1.27378328 2.29343513 2.60703553 
1.3189497 1.23145251 2.20384369 2.46736985 
1.2495302 1.2539567 2.24030536 2.47638968 
1.41662809 1.18936357 2.23973789 2.66608321 
1.31176302 1.05374811 2.28044113 2.60563501 
1.24807016 1.27723393 2.13942072 2.48290143 
1.27284744 1.20135607 2.23081028 2.47328667 
1.3189497 1.23145251 2.20384369 2.46736985 
1.48066711 1.09351341 2.02762607 2.42419415 
1.31980496 1.23155768 2.33373336 2.54109793 
1.3050016 1.17907858 2.31191693 2.58293393 
1.3050016 1.17907858 2.31191693 2.58293393 
1.42350111 1.14834233 2.24114577 2.5455821 
1.3711561 1.26039418 2.22430478 2.58418699 
1.29449916 1.19122997 2.40104425 2.35996293 
1.40010299 1.2148982 2.20298583 2.31256534 
1.27284744 1.20135607 2.23081028 2.47328667 
1.40010299 1.2148982 2.20298583 2.31256534 
1.41662809 1.18936357 2.23973789 2.66608321 
1.16356573 1.39201714 2.24799108 2.54579939 
1.22325809 1.2973965 2.22454764 2.50581093 
1.44310407 1.07744412 2.17239859 2.58815934 
1.37130616 1.2602217 2.29226738 2.53417997 
1.29430055 1.27927981 2.24037123 2.55249277 
1.29449916 1.19122997 2.40104425 2.35996293 
1.37130616 1.2602217 2.29226738 2.53417997 
1.67020211 1.02998805 2.21402531 2.48325264 
1.39676865 1.16649391 2.0681991 2.6023871 
1.48771599 1.11337904 2.07470623 2.24100565 
1.24523338 1.21784943 2.14599927 2.15160931 
1.28263101 1.24081717 2.10972502 2.48758429 
1.42350111 1.14834233 2.24114577 2.5455821 
1.42350111 1.14834233 2.24114577 2.5455821 
1.22082119 1.32007973 2.31483512 2.65002073 
1.67760283 1.04821239 2.40140427 2.04284171 
1.35022869 1.18643137 2.31966364 2.65922845 
1.31980496 1.23155768 2.33373336 2.54109793 
1.78129975 1.00752872 2.06477064 2.47734969 
1.3179264 1.15726839 2.17816141 2.68329475 
1.3050016 1.17907858 2.31191693 2.58293393 
1.36328067 1.29514014 2.1621453 2.6832159 
1.23427865 1.23798401 2.17023523 2.49343886 
1.40010299 1.2148982 2.20298583 2.31256534 
1.61761499 1.05984332 2.47165781 1.8910901 
1.64724496 1.04903477 2.29060129 1.97905009 
1.68550167 0.95266983 2.24665555 2.22474757 
1.36491448 1.21863203 2.14212562 2.62503426 
1.49534968 1.02952921 2.22098333 2.08647136 
1.29449916 1.19122997 2.40104425 2.35996293 
1.2495302 1.2539567 2.24030536 2.47638968 
1.31980496 1.23155768 2.33373336 2.54109793 
1.60593128 1.05296897 2.39768668 2.20796422 
1.32441886 1.12540111 2.26092827 2.49026316 
1.29449916 1.19122997 2.40104425 2.35996293 
1.51252223 1.09958368 2.32362757 2.53093775 
1.70675749 0.99556513 2.16841907 2.02723148 
1.38964128 1.14230753 2.25224442 2.36091711 
1.7124737 1.00749809 2.38358147 2.36635777 
1.78758922 1.01384203 2.23734624 2.12359468 
1.3147534 1.34267938 2.19566887 2.69812004 
1.16356573 1.39201714 2.24799108 2.54579939 
1.5738716 1.06833471 2.44713878 1.73752024 
1.40010299 1.2148982 2.20298583 2.31256534 
1.56517198 0.99998193 2.45749812 2.32485845 
1.3050016 1.17907858 2.31191693 2.58293393 
1.48066711 1.09351341 2.02762607 2.42419415 
1.27284744 1.20135607 2.23081028 2.47328667 
1.63047247 1.00808057 2.66548746 1.7961385 
1.4071781 1.08202039 2.26265692 2.64434719 
1.66309669 1.07575718 2.4114824 2.00860655 
1.48551847 1.04317966 2.33394579 2.40930816 
1.30113342 1.15393205 2.16580989 2.55481651 
1.62032237 1.05932067 2.27392872 2.16421822 
1.37130616 1.2602217 2.29226738 2.53417997 
1.67927794 0.99913346 2.42499913 1.98461157 
1.66111137 1.11996316 2.79689711 1.90677725 
1.31624266 1.23543413 1.98265253 2.42710066 
1.44310407 1.07744412 2.17239859 2.58815934 
1.22082119 1.32007973 2.31483512 2.65002073 
1.61847052 0.96176342 2.42038207 2.04873381 
1.73676799 1.05290876 2.38318749 2.24278861 
1.37130616 1.2602217 2.29226738 2.53417997 
1.48234241 1.12013754 2.20661098 2.35457833 
1.40010299 1.2148982 2.20298583 2.31256534 
1.29449916 1.19122997 2.40104425 2.35996293 
1.62160017 1.040322 2.5202323 1.89474442 
1.47203278 1.05151816 2.15624387 2.63194433 
1.29449916 1.19122997 2.40104425 2.35996293 
1.66878131 0.96162854 2.37605734 1.959783 
1.45023804 1.05790945 2.22750652 1.94692095 
1.31980496 1.23155768 2.33373336 2.54109793 
1.40010299 1.2148982 2.20298583 2.31256534 
1.46778697 1.13420909 2.25245897 2.51376631 
1.35022869 1.18643137 2.31966364 2.65922845 
1.38575958 1.09717495 2.27765883 2.36532493 
1.28392915 1.24481841 2.1857982 2.65374814 
1.50740446 1.13081287 2.11651222 2.47221795 
1.33028307 1.17291205 2.2206733 2.47827865 
1.68838291 1.02669742 2.17620681 2.2727396 
1.8894693 1.03002451 2.29349397 1.9843804 
1.51960899 1.115133 2.13168424 2.65006432 
1.60232218 1.02043092 2.27246231 2.22457303 
1.93670292 0.99517933 2.23451057 2.17554562 
1.48066711 1.09351341 2.02762607 2.42419415 
1.62758165 1.03473931 1.98452121 2.37185508 
1.49181326 1.09824841 2.14691658 2.62646196 
1.40472773 1.11432894 2.16214446 2.50427229 
1.67504339 1.02050318 2.55435392 1.76405531 
1.24680521 1.17812311 2.29827669 2.60750748 
1.29449916 1.19122997 2.40104425 2.35996293 
1.48260238 1.02273051 2.28329951 2.50512606 
1.2395394 1.29366022 2.11409339 2.41137 
1.47083105 1.05406952 2.32298557 2.56768324 
1.58847361 1.07200403 2.2959059 2.40197872 
1.29449916 1.19122997 2.40104425 2.35996293 
1.62209306 1.12243545 2.15855092 2.342092 
1.37130616 1.2602217 2.29226738 2.53417997 
1.26600424 1.16075481 2.35294716 2.6651195 
1.42461709 1.12566539 2.16757074 2.17101726 
1.36491448 1.21863203 2.14212562 2.62503426 
1.68810777 1.01312426 2.63872394 1.71928732 
1.55592884 1.03776335 2.29752168 2.58270904 
1.61936952 1.02036987 2.34572556 2.11024341 
1.4510777 1.10120902 2.13956217 2.57048223 
1.3861884 1.18479412 2.31937673 2.49198688 
1.25122798 1.19350111 2.16926523 2.45093369 
1.84328482 1.01878905 2.06027408 2.46613934 
1.40010299 1.2148982 2.20298583 2.31256534 
1.3050016 1.17907858 2.31191693 2.58293393 
1.26784314 1.16038083 2.18905867 2.5101206 
1.33867536 1.15648788 2.27203815 2.51997834 
1.39527025 1.17624237 2.2827411 2.48990532 
1.41054827 1.07622461 2.13894729 2.47504292 
1.70499253 0.99364106 2.3454619 2.43774946 
1.48260238 1.02273051 2.28329951 2.50512606 
1.71961007 0.95435283 2.75311859 1.75030094 
1.56915719 1.04725724 2.60798589 1.78653139 
1.33620591 1.33921729 2.23982785 2.5093322 
1.31980496 1.23155768 2.33373336 2.54109793 
1.68783906 1.03870881 2.28099453 2.21817272 
1.99058522 1.01657132 2.2893257 2.13247664 
1.59466814 0.99248069 2.31418846 2.45957367 
1.50441372 1.11704672 2.19090998 2.216387 
1.72087222 0.98762181 2.65176034 1.95885544 
1.33274008 1.20922955 2.22925097 2.57843266 
1.419396 1.0356373 2.26420912 2.47584013 
1.52603912 0.98879068 2.28215116 2.01077208 
1.29449916 1.19122997 2.40104425 2.35996293 
1.29449916 1.19122997 2.40104425 2.35996293 
1.66888571 1.06403324 2.28122953 2.23241409 
1.62037852 1.0533492 2.46806883 1.81222536 
1.94050123 1.03259902 2.79122431 1.50456297 
1.434524 1.07957627 2.1592535 2.11348966 
1.47941364 1.11455847 2.19194049 2.29186581 
1.30864145 1.18306007 2.19855326 2.57812062 
1.55089172 1.02870552 2.59595915 1.88861894 
1.45078891 1.0961536 2.24017907 2.39589194 
1.40010299 1.2148982 2.20298583 2.31256534 
1.40010299 1.2148982 2.20298583 2.31256534 
1.22082119 1.32007973 2.31483512 2.65002073 
1.22087898 1.31975525 2.09115388 2.59617645 
1.40338151 1.09206359 2.33654747 1.90687085 
1.36315932 1.09487797 2.36312873 2.23323199 
1.5908541 1.12717654 2.17673674 2.35994892 
1.47203278 1.05151816 2.15624387 2.63194433 
1.28543901 1.19804886 2.11954028 2.58912976 
1.28422602 1.14864509 2.20541462 2.47412116 
1.2836756 1.24163959 2.14233915 2.51509862 
1.6206791 1.04899854 2.1513673 2.40528597 
1.38041037 1.18943374 2.32218256 2.49914435 
1.35576966 1.21115675 2.38404414 2.42034415 
1.69328356 1.04734311 2.26620248 2.25745364 
1.25596049 1.27554882 2.3280339 2.38407311 
1.5518425 1.06186161 2.32888946 2.08010634 
1.79073955 0.98768255 2.31497522 2.49077451 
1.55209158 1.01956541 2.15611989 2.46372272 
1.40735928 1.12078129 2.19118738 2.38279107 
1.31980496 1.23155768 2.33373336 2.54109793 
1.37337927 1.10393232 2.25362381 2.64092636 
1.33620591 1.33921729 2.23982785 2.5093322 
1.48050286 1.13517308 2.65157653 1.77663115 
1.63789122 1.08843747 2.39748401 2.27803066 
1.29449916 1.19122997 2.40104425 2.35996293 
1.29449916 1.19122997 2.40104425 2.35996293 
1.83015836 1.05251207 2.46428541 1.79509442 
1.27714868 1.09482118 2.16827278 2.56778539 
1.92188565 1.01804568 2.608401 1.68377254 
1.76560759 1.05366856 2.46169161 1.70169399 
1.57434418 1.05644523 2.27508749 1.96389217 
1.76435281 1.06424968 2.35953515 2.28014005 
1.75153383 1.04646374 2.49041184 1.99239189 
1.40010299 1.2148982 2.20298583 2.31256534 
1.38965267 1.10681933 2.1426838 2.45185825 
1.23680313 1.22637977 2.23765105 2.48059388 
1.24648698 1.2786678 2.13076907 2.38358614 
1.69746712 1.05134488 2.4425323 2.03313026 
1.40010299 1.2148982 2.20298583 2.31256534 
1.61523766 1.09886806 2.28987129 2.42979854 
1.65709038 1.10078588 2.54550845 1.98864124 
1.49710642 1.0364603 2.58845471 2.01718211 
2.00570027 0.96063242 2.56397424 1.93634731 
1.44815552 1.06878279 2.30265939 2.58728581 
1.26695469 1.24044901 2.21328965 2.09688881 
1.40822025 1.13814755 2.39235633 2.11385528 
1.5534239 1.06094038 2.11635456 2.57458676 
1.29449916 1.19122997 2.40104425 2.35996293 
1.5345869 1.10491268 2.14132242 2.40109117 
1.15408873 1.39464904 2.07372859 2.57283743 
1.48726433 1.08529454 2.36533522 1.91597916 
1.31980496 1.23155768 2.33373336 2.54109793 
1.76108829 0.9696038 2.33006615 2.38769598 
1.26431934 1.22202227 2.11165169 2.51988686 
1.52807284 1.04155252 2.16416611 2.44272562 
1.22082119 1.32007973 2.31483512 2.65002073 
1.63922748 1.12776641 2.62708241 1.62515748 
1.44424548 1.12756148 2.11852695 2.58531126 
1.38813886 1.14406961 2.18922743 2.67186346 
1.49095253 1.11985132 2.0727301 2.2213301 
1.39744946 1.17658495 2.31601493 2.48457061 
1.66966687 1.05528781 2.38921153 2.32386385 
1.58541022 1.03580784 2.33571077 2.38655645 
1.49030506 1.11682306 2.2593123 1.99482617 
1.74799954 0.95976021 2.657102 2.05805582 
1.92513511 0.98935762 2.33407835 2.01853274 
1.28305799 1.17910412 2.08798076 2.44276904 
1.48066711 1.09351341 2.02762607 2.42419415 
1.67189274 1.05565116 2.33807885 1.83832488 
1.84447512 1.0738952 2.32664312 2.2915823 
1.66111137 1.11996316 2.79689711 1.90677725 
1.2029462 1.30962024 2.18896569 2.64829447 
1.73640837 1.1004568 2.58993409 1.9342521 
1.29449916 1.19122997 2.40104425 2.35996293 
1.38534623 1.14484735 2.27997349 2.56114975 
1.22082119 1.32007973 2.31483512 2.65002073 
1.31668828 1.28074156 2.10282893 2.60641983 
1.64209074 1.00186671 2.47552325 1.6401438 
1.75942532 1.01357895 2.63885957 1.96045813 
1.40010299 1.2148982 2.20298583 2.31256534 
1.39732201 1.12438852 2.25947932 1.88673432 
1.16467358 1.29175945 2.39080004 2.36845074 
1.21301855 1.22087967 2.28928584 2.56570626 
1.33864547 1.12082472 2.27433001 2.56529333 
1.71104026 0.98820172 2.38470322 2.10806776 
1.29449916 1.19122997 2.40104425 2.35996293 
1.42279288 1.15894397 2.40939214 2.06042307 
1.70440229 1.02733087 2.77745068 1.73234084 
1.72098296 1.03492556 2.46625264 1.89601385 
1.76702285 1.05221018 2.18795039 2.61569149 
1.31980496 1.23155768 2.33373336 2.54109793 
1.49062549 1.00749603 2.33438375 2.54128325 
1.70440229 1.02733087 2.77745068 1.73234084 
1.20752591 1.28927786 2.26415914 2.66283812 
1.13824743 1.30792624 2.09133942 2.23325304 
1.44748484 1.16563885 2.15144344 2.50790222 
1.63393734 1.09593526 2.28755645 2.41871443 
1.18243561 1.16408444 2.07157178 2.46613845 
1.51934306 1.04356903 2.07701358 2.27293294 
1.61167613 1.01175916 2.3637115 2.03360018 
1.58023352 1.01117166 2.3208639 2.48981479 
1.48066711 1.09351341 2.02762607 2.42419415 
1.76431639 1.00435337 2.58396591 1.6786928 
1.47395703 1.02344726 2.33442769 2.4478618 
1.40010299 1.2148982 2.20298583 2.31256534 
1.70614373 1.06925162 2.56017533 2.26734115 
1.55753194 1.04247249 2.45164855 1.98058946 
1.42568411 1.12436127 2.0805678 2.51545037 
1.48280593 1.11239085 2.14494202 2.34475854 
1.63489857 1.08769753 2.35738661 1.8824348 
1.31238101 1.20258653 2.21116808 2.60881632 
1.50018529 1.08965471 2.37376452 1.88117198 
1.68448396 1.03973468 2.41969397 1.87726912 
1.48542176 1.06093382 2.5967804 2.00142926 
1.27667213 1.22221387 2.09899749 2.61464488 
1.40010299 1.2148982 2.20298583 2.31256534 
1.29449916 1.19122997 2.40104425 2.35996293 
1.61979176 0.97269441 2.32088294 2.44425995 
1.72613561 1.02761307 2.71745932 1.88054431 
1.76516922 1.03559572 2.76892771 1.8446228 
1.78188921 1.0811836 2.16560509 2.28139444 
1.9720839 1.03151447 2.54887821 1.882085 
1.6003018 1.04153395 2.31922671 2.41419759 
1.47924089 1.10835026 2.14671959 2.62224342 
1.90276467 1.00079373 2.31640593 2.04853982 
1.15286484 1.34341748 2.10547996 2.46174254 
1.7708569 0.99151651 2.21586271 2.2138346 
1.29449916 1.19122997 2.40104425 2.35996293 
1.61861969 1.06874936 2.28030187 2.14291309 
1.3999994 1.16166283 2.30345224 1.97369856 
1.79568239 0.97530333 2.49530836 1.70633764 
1.40617203 1.21196729 2.25168913 2.63685839 
1.6831097 1.03631165 2.72622463 1.83459465 
1.48066711 1.09351341 2.02762607 2.42419415 
1.40010299 1.2148982 2.20298583 2.31256534 
1.3147534 1.34267938 2.19566887 2.69812004 
1.47003049 1.04259035 2.15391152 2.1474443 
1.33696837 1.38198835 2.13229065 2.7194346 
1.33274008 1.20922955 2.22925097 2.57843266 
1.48157323 1.14774945 2.13890815 2.76509816 
1.42413327 1.05761492 2.04719134 2.54496079 
1.71230272 1.02065008 2.16859965 2.67309735 
1.70440229 1.02733087 2.77745068 1.73234084 
1.49943607 1.08504076 2.15968531 2.59922711 
1.6256662 0.97938945 2.2724565 2.49130331 
1.40600263 1.11641899 2.32655537 2.50708604 
1.23574456 1.24622641 2.14739267 2.63476518 
1.31980496 1.23155768 2.33373336 2.54109793 
1.52920145 1.07702454 2.07819823 2.20084179 
1.5256627 1.05492246 2.51690062 2.24159645 
1.29449916 1.19122997 2.40104425 2.35996293 
1.56788999 1.06688153 2.38058381 2.02091781 
1.68916792 1.04296029 2.34283941 2.28033957 
1.58453475 0.99953373 2.24312892 2.40751793 
1.76516922 1.03559572 2.76892771 1.8446228 
1.46604832 1.01065594 2.29092627 2.48292418 
1.75934974 1.01776894 2.33387587 2.0773435 
1.4168219 1.14353083 2.10079612 2.39462726 
1.73931244 1.06566007 2.45509768 1.97877813 
1.45887383 1.08498572 2.20886334 2.45686202 
1.4508433 1.16332929 2.1437743 2.51563744 
1.41965231 1.1013679 2.19490244 2.39891529 
1.49058273 1.11028353 2.14567422 2.53326586 
1.32233911 1.14343048 2.12796406 2.61841709 
1.33062809 1.14088556 2.20434927 2.42634128 
1.48066711 1.09351341 2.02762607 2.42419415 
1.54563624 1.00859159 2.36549631 2.4284215 
1.37954351 1.10438524 2.28558429 2.36825344 
1.73186502 1.01702471 2.46173786 2.12982402 
1.47083105 1.05406952 2.32298557 2.56768324 
1.9720839 1.03151447 2.54887821 1.882085 
1.31980496 1.23155768 2.33373336 2.54109793 
1.24807016 1.27723393 2.13942072 2.48290143 
1.57054142 1.05263087 2.07828655 2.52507602 
1.43336259 1.13162942 2.23893051 2.30804367 
1.24055691 1.27502451 2.33974843 2.63177889 
1.58374779 0.99967982 2.36036386 2.61480064 
1.59638983 1.09451309 2.13877831 2.29301095 
1.41339018 1.14345474 2.29464206 2.63903402 
1.76435281 1.06424968 2.35953515 2.28014005 
1.40010299 1.2148982 2.20298583 2.31256534 
1.40010299 1.2148982 2.20298583 2.31256534 
1.91732396 0.99886008 2.38450271 1.92975414 
1.34268794 1.16977423 2.19074482 2.48084747 
1.72178081 1.00662964 2.18822722 2.25539399 
2.11270965 1.02390572 2.32593756 1.94863577 
1.91922639 1.04738394 2.75872832 1.48813767 
1.77727751 1.00730595 2.3708139 2.15545996 
1.55009326 1.03783881 2.46967817 1.87313222 
1.45725547 1.12733189 2.07952072 2.52733819 
1.36328067 1.29514014 2.1621453 2.6832159 
1.33274008 1.20922955 2.22925097 2.57843266 
1.27348808 1.27498351 2.28234055 2.63061893 
1.40999273 1.2075728 2.17478828 2.3387899 
1.88432897 0.98825536 2.26427964 2.26442471 
1.48066711 1.09351341 2.02762607 2.42419415 
1.43383099 1.06301306 2.34523853 2.30684755 
1.58621373 1.09238828 2.43110418 2.23588698 
1.80839338 1.08685564 2.35075628 2.41231959 
1.59161566 1.05923071 2.87599014 1.79621187 
1.74176682 0.98454453 2.38623417 1.97359607 
1.94050123 1.03259902 2.79122431 1.50456297 
1.40324466 1.16635017 2.25384911 2.12191055 
1.91922639 1.04738394 2.75872832 1.48813767 
1.69743274 0.96292786 2.79083254 1.59996719 
1.50933354 1.0575408 2.30409979 1.90476569 
1.55956931 1.01571434 2.21978896 2.31732529 
1.64374329 1.00653584 2.37939249 2.08648152 
1.70614373 1.06925162 2.56017533 2.26734115 
1.86407471 0.99028408 2.53471972 1.71371882 
1.42544276 1.06704692 2.51406521 2.16277577 
1.25207204 1.23476647 1.93199288 2.33445893 
1.45231244 1.15799105 2.42830893 2.00773221 
1.83218295 1.04878808 2.47950162 1.77032704 
1.81505374 1.09030512 2.0686012 2.46043479 
2.03424757 0.95716979 2.42650962 2.12288094 
1.68435733 0.96629501 2.91180088 1.7955609 
1.40010299 1.2148982 2.20298583 2.31256534 
1.54862046 1.10865113 2.46851147 1.96344219 
1.71961007 0.95435283 2.75311859 1.75030094 
1.63318179 1.05938973 2.234677 2.19140934 
1.80055146 0.96529838 2.54783416 1.80685289 
1.72368681 0.99371257 2.38101444 2.38576817 
1.78277374 1.001571 2.23165561 2.19030198 
1.53572709 1.04528812 2.15809999 2.29139305 
1.40439724 1.17593268 2.32670344 2.41374196 
1.71135961 0.9430423 2.76948633 1.6227092 
1.24048628 1.21515239 2.29565682 2.72127525 
1.48066711 1.09351341 2.02762607 2.42419415 
1.68643986 1.03614225 2.74282031 1.79969914 
1.45258834 1.04295353 2.38828747 2.26766013 
1.54384014 1.06983339 2.1760731 2.70276179 
1.46309349 1.08666378 2.26214556 2.26764558 
1.75934974 1.01776894 2.33387587 2.0773435 
1.61982624 1.0310722 2.49189701 1.61443303 
1.44182474 1.04765216 2.1882981 2.4880818 
1.70440229 1.02733087 2.77745068 1.73234084 
1.69353147 1.05421324 2.34381365 2.14152691 
1.50958808 1.03519601 2.24504608 2.36830413 
1.76015853 1.01540734 2.36406617 2.18293618 
1.52440806 1.0336094 2.36078304 2.44441946 
1.6705381 0.97295019 2.61974191 1.77535107 
1.76278491 0.98925628 2.32717549 2.23694059 
1.32690111 1.18067521 2.15154902 2.41700933 
1.57115984 1.08687431 2.17259392 2.54943863 
1.74863461 0.98931438 2.56440383 1.83092783 
1.51424476 1.08224065 2.62879498 1.94770458 
1.26025811 1.14581305 2.09986792 2.28542805 
1.59638983 1.09451309 2.13877831 2.29301095 
1.31980496 1.23155768 2.33373336 2.54109793 
1.42645969 1.17804073 2.16145133 2.65027319 
1.61938648 0.98860379 2.2369973 2.4201058 
1.62011434 1.06076991 2.29651256 2.27136911 
1.65930505 0.9856899 2.28993968 2.48271738 
1.28563649 1.17936207 2.02661644 2.46422261 
1.23968375 1.15140305 2.23938762 2.48305729 
1.33023869 1.18906143 2.21173319 2.28684196 
1.48066711 1.09351341 2.02762607 2.42419415 
1.33383562 1.13002452 2.30855863 2.5949253 
1.67262513 1.00282977 2.58279006 1.89321503 
1.70316033 1.08385112 2.4966725 1.87746772 
1.41721046 1.09470439 2.59134354 2.0417008 
1.9469684 1.07976957 2.20648695 2.37885284 
1.69199662 1.00297222 2.29420447 2.26866636 
2.33800647 1.03016054 2.44666626 1.89195986 
1.3147534 1.34267938 2.19566887 2.69812004 
1.27565495 1.23785008 2.15860448 2.42309079 
1.67403917 1.0002044 2.52736879 1.80692023 
1.67020099 0.98603522 2.78223711 1.68376495 
1.54812082 1.00744793 2.33177368 2.18271116 
1.48535899 1.11010465 2.33166344 2.24639877 
1.17336844 1.28388941 2.1853943 2.30734587 
2.05616105 1.0798575 2.28466367 2.31470144 
1.59400665 1.0348496 2.22474027 2.23139708 
1.53044986 1.05140318 2.23622031 2.32859935 
1.04554886 1.38633838 2.0817088 2.24956537 
1.6767062 1.00774231 2.56197987 1.85244198 
1.42360742 1.05289407 2.41002981 2.31289746 
1.14648823 1.30049353 2.24444613 2.41385722 
1.6105747 1.06648317 2.16997598 2.3993255 
1.41811327 1.21123268 2.1433197 2.10488626 
1.53037402 1.06588579 2.38269849 2.35261498 
1.80839338 1.08685564 2.35075628 2.41231959 
1.54394281 1.00984673 2.33634558 2.46922551 
1.7058276 1.04153781 2.07434392 2.62911654 
1.45774365 1.13277117 2.16543675 2.49471017 
1.52565862 1.10016712 2.33834984 2.24279488 
1.63631908 0.98007261 2.58184697 1.58325597 
1.36130818 1.13412691 2.27542568 2.36881275 
1.39676865 1.16649391 2.0681991 2.6023871 
1.50525538 0.97893498 2.37176826 2.28739647 
1.79979666 0.97334267 2.36206305 2.02129978 
1.36328067 1.29514014 2.1621453 2.6832159 
1.32790805 1.18280037 2.22859152 2.66119508 
1.396948 1.16859102 2.17059976 2.65213933 
1.34639303 1.17727915 2.25268332 2.06320611 
1.89272849 0.96337402 2.57762937 1.82054647 
1.23370467 1.19312642 2.16796847 2.51497441 
1.3194322 1.1952691 2.19871828 2.30870407 
1.28885263 1.25630217 2.19675652 2.18612078 
1.69333301 0.9880391 2.74907882 1.58887329 
1.6456781 1.04803179 2.69887104 1.71900089 
1.47135191 1.11009348 2.17748275 2.41948758 
1.82704328 1.05677883 2.06342345 2.46330618 
1.68706775 0.98721275 2.49776233 2.4338978 
1.3365137 1.12930852 2.31208634 2.54669319 
1.87689369 1.05764569 2.62097644 1.76775529 
1.35896049 1.1838012 2.2573285 2.03098298 
1.6465096 1.05885462 2.49136294 1.95756489 
1.63212233 1.01811679 2.46113882 2.13947363 
1.41102078 1.11557839 2.15945015 2.37849591 
1.77155131 0.97439615 2.77976541 1.53136741 
1.45280437 1.05755364 2.29429975 2.54019778 
1.59173974 1.08802186 2.75459919 1.86930325 
1.51988464 1.06009027 2.32101712 2.55940266 
1.2874534 1.18675782 2.27761966 2.48735231 
1.19697385 1.23544132 2.10809026 2.25783398 
1.46602403 1.14501192 2.11465186 2.39447588 
1.65558572 1.02907659 2.35599404 1.92733993 
1.66999207 1.05386917 2.51887474 1.78431387 
1.62268617 1.00109552 2.34165964 2.11805032 
1.48923373 1.1769083 2.22531326 2.23338967 
1.55799854 1.06807015 2.32285329 2.21654965 
1.57561524 1.08045982 2.30225581 2.03273792 
1.3688805 1.16283951 2.17782338 2.2547309 
1.81969481 1.03786826 2.39559922 2.04773179 
1.74449971 1.00064771 2.77564767 1.79342157 
1.57001483 1.09024946 2.55114102 1.88779934 
1.65598671 1.06363706 2.58450449 2.07813205 
1.31377464 1.19852963 2.09210464 2.58401118 
1.56539862 1.12210374 2.76862679 1.73457865 
1.3147534 1.34267938 2.19566887 2.69812004 
1.45161323 1.0749657 2.19143291 2.54864305 
1.50033898 1.02277372 2.16846708 2.12646267 
1.68989011 1.04791414 2.25901104 2.23709967 
1.66310101 1.00843298 2.1700588 2.37622677 
1.48535899 1.11010465 2.33166344 2.24639877 
1.34409923 1.12027193 2.37251133 2.50995327 
1.86407471 0.99028408 2.53471972 1.71371882 
1.41307164 1.10719331 2.22541196 2.34139366 
1.45430777 1.09414334 2.27400964 2.45474776 
1.40904918 1.16265736 2.35358735 1.95273757 
1.24402737 1.26723494 2.1116822 2.57373868 
1.48564415 1.08556315 2.4423211 2.01578182 
1.47017881 1.10535269 2.02894422 2.53556199 
1.51424188 1.10793741 2.1968661 2.38034437 
1.65669255 1.01947648 2.22860887 2.20382924 
1.77913606 1.03205691 2.61086042 1.84856148 
1.19764176 1.25260587 2.17760959 2.2246311 
1.83500442 1.03886096 2.41638225 2.015557 
1.67625122 0.9859202 2.47869776 2.47245782 
1.66247105 0.95087237 2.25094088 2.04145613 
1.54592486 1.04257262 2.1385109 2.34341149 
1.16864291 1.29986875 2.25367921 2.4437261 
1.47918298 1.08050084 2.14165668 2.58568138 
1.47380619 1.11819554 2.13218445 2.40704678 
1.82744478 1.02038438 2.70987896 1.63075123 
1.58440698 1.05084588 2.6912151 1.8697767 
1.20866244 1.30895295 2.24632182 2.32295602 
1.69132894 1.04428652 2.65324881 1.88646136 
1.6345664 1.09784804 2.50160479 2.17026802 
1.61203559 1.05801753 2.19394871 2.30948765 
1.53122236 1.12370803 2.22543293 2.53195912 
1.71436613 1.01835076 2.32199856 2.23136446 
1.31498598 1.11248972 2.26166033 2.50469896 
1.60741933 1.01291906 2.4193715 1.94532089 
1.4646203 1.06170727 2.50696047 2.24322082 
1.55217782 1.14361833 2.36365488 2.02042494 
1.44061708 1.21652616 2.22274622 2.4439631 
1.77949929 1.02642855 2.43253243 2.21724797 
1.30577503 1.20138935 2.125985 2.66836858 
1.77913606 1.03205691 2.61086042 1.84856148 
1.2606726 1.22014725 2.09679949 2.31678061 
1.83895631 0.95833682 2.40919511 2.07919737 
1.36328067 1.29514014 2.1621453 2.6832159 
1.41379257 1.06170488 2.26151011 2.64019704 
1.56276388 1.03884566 2.40166756 2.17635669 
1.66369937 1.05280422 2.23149112 2.41746486 
1.61267162 0.98955956 2.30148405 2.03116793 
1.39278521 1.07626343 2.34106583 2.42832416 
1.69994571 1.00546581 2.22551029 2.17447618 
1.76910472 0.99609087 2.33130854 2.18870852 
1.42370424 1.12914945 2.23711933 2.30997244 
1.74383795 1.05340497 2.07115495 2.61560212 
1.66492852 0.95378997 2.24155623 2.46641565 
1.71833227 0.96987707 2.48989625 2.06856038 
1.39841808 1.09260496 2.31970266 2.37949254 
1.34416948 1.2042228 2.12087288 2.32975634 
1.64449808 1.03594613 2.23519139 2.50803462 
1.61720223 0.97899286 2.48364433 2.02887267 
1.44046813 1.0986437 2.10671348 2.5401295 
1.34268794 1.16977423 2.19074482 2.48084747 
1.24934064 1.18928019 1.99632567 2.32435027 
1.60135727 1.0149676 2.18990617 2.09566027 
1.56539862 1.12210374 2.76862679 1.73457865 
1.60428896 1.07399952 2.48136966 1.74517013 
1.15408399 1.31410962 2.12282742 2.43519036 
1.59904923 1.08597789 2.53609798 2.15917092 
1.59886728 1.03600927 2.61050201 1.51838193 
1.81012532 1.02940794 2.37719425 2.07902124 
1.70202552 0.96649256 2.19601613 2.41087236 
1.44183042 1.15129721 2.04718716 2.36947725 
1.55935483 1.11857913 2.19049172 2.45787029 
1.23610945 1.20955969 2.15372146 2.34216567 
1.65870797 1.0984364 2.11868126 2.31027128 
1.63584218 1.11610223 2.24025445 2.33792654 
1.42002674 1.15948691 2.50647732 1.97846106 
1.65048176 1.09211308 2.07757411 2.60848745 
1.29616618 1.25385279 2.15539085 2.55582655 
1.55217782 1.14361833 2.36365488 2.02042494 
1.51698554 1.09632499 2.23927055 1.99170294 
1.25235576 1.28623107 2.16032239 2.10560424 
1.69365965 0.99001872 2.18305926 2.48692616 
1.26642984 1.31693495 2.19675614 2.23828735 
1.58478092 0.99446298 2.52177708 1.79182561 
1.30606394 1.18218704 2.12694049 2.30138492 
1.24576477 1.18646516 2.11601077 2.42335262 
1.73776288 1.03640513 2.56060599 1.8583138 
1.14902308 1.22021741 2.14238947 2.15195186 
1.64772889 1.04743844 2.38441701 2.23648311 
1.2715445 1.29982704 2.12047883 2.13511579 
1.67588674 1.03791017 2.39816416 1.912779 
1.56384948 1.05900255 2.56072724 2.129936 
1.55141821 1.04189293 2.60983057 1.76174043 
1.64801606 0.97805347 2.38113927 1.98750341 
1.73609536 1.04069192 2.23110184 2.07254533 
1.19955756 1.31050516 2.14375451 2.4286918 
1.37858834 1.11684516 2.10504566 2.38213408 
1.73491764 1.0134294 2.17529463 2.66238815 
1.71297659 0.95627192 2.1880001 2.4214484 
1.334252 1.177441 2.35598311 2.38606753 
1.39068628 1.08597814 2.26935975 2.45687219 
1.48878586 1.12211607 2.3747696 2.13839195 
1.73413034 1.1110397 2.67783179 1.69328513 
1.93945199 1.03413119 2.81783381 1.6750083 
1.34074919 1.22457407 2.13446696 2.63108107 
1.29752879 1.21755352 2.22274002 2.30360021 
1.53123156 1.01199441 2.43788522 1.97923522 
1.28414847 1.24782624 2.13684538 2.3565569 
1.93945199 1.03413119 2.81783381 1.6750083 
1.57327979 1.08858443 2.76548716 1.9138407 
1.31036099 1.15357958 1.94133173 2.32315889 
1.58453244 1.05377769 2.11218563 2.4521342 
1.73637004 0.9591729 2.5621706 2.08084717 
1.36328067 1.29514014 2.1621453 2.6832159 
1.85020225 0.99744506 2.50079916 1.99996406 
1.53246412 1.02082396 2.26648998 2.27551599 
1.27828886 1.24316014 2.23826849 1.97386289 
1.49334206 1.06074119 2.49154026 2.26868646 
1.77110393 1.03677248 2.64035581 1.81122658 
1.56968344 1.09718404 2.15220195 2.3717818 
1.24270965 1.29873252 2.19881603 2.33878774 
1.25470695 1.20791181 2.15414809 2.41586192 
1.70645185 1.04558346 2.7512249 1.91168114 
1.76283902 0.96053961 2.4898773 1.9766752 
1.41838325 1.20900464 2.37698204 2.21484208 
1.6668068 1.08440085 2.33668438 2.18050616 
1.70645185 1.04558346 2.7512249 1.91168114 
1.46117368 1.07843651 2.23346752 2.37990133 
1.51492261 1.01045852 2.44701387 2.10350897 
1.50093744 1.1035964 2.29852192 2.30577684 
1.45812956 1.08647596 2.19890118 2.18883507 
1.52038116 1.06554496 2.41629726 2.03144212 
1.77342293 1.02846888 2.77058405 1.52574234 
1.17805115 1.215095 2.17041064 2.25725967 
1.4658212 1.11896265 2.08419202 2.33011627 
1.57944901 1.02323971 2.62754409 1.74514797 
1.69786738 0.95203122 2.75373699 1.45888638 
1.7384654 1.03835155 2.36094789 2.39964393 
1.78560613 1.04136588 2.29022501 2.22205903 
1.68752259 1.03699967 2.29110523 2.20573215 
1.93945199 1.03413119 2.81783381 1.6750083 
1.49919941 1.08326847 2.14785345 2.3267383 
1.67043447 1.06688089 2.27188225 2.18017288 
1.28812329 1.25436718 2.20318324 2.32037423 
1.49094807 1.03643917 2.21284765 2.37952243 
1.47377299 1.04664609 2.27832315 2.44537276 
1.59749842 1.01534021 2.69296136 1.84019348 
1.4926836 1.06837492 2.24353936 2.29768568 
1.76108094 1.02831395 2.39321463 2.27125036 
1.46067458 1.07323577 2.29232003 1.96320956 
1.35856267 1.20457823 2.21463666 2.05136609 
1.65523541 1.00936591 2.57713864 1.84641207 
1.22545553 1.26951267 2.15267611 2.55474926 
1.32492053 1.0649337 2.23714725 2.11375241 
1.63042673 1.10026649 2.30242395 2.22433446 
1.58063697 1.0341032 2.40214817 2.02054897 
1.61971774 1.03048907 2.13990251 2.18592579 
1.47658037 1.12240186 2.16073557 2.5945749 
1.84565878 1.02068631 2.3278235 2.09910236 
1.60197602 1.04657164 2.37443672 2.05438921 
1.45521462 1.09596313 2.49734724 2.05306049 
1.43381759 1.16328154 2.18268812 2.51723021 
1.2392903 1.19377186 2.0087069 2.32069108 
1.22714501 1.25116186 1.96404265 2.41320932 
1.54880621 1.03488945 2.52799392 2.01275533 
1.75011945 0.9998903 2.63911134 1.85555436 
1.5555174 1.06651654 2.12427737 2.58090435 
1.17955311 1.34486197 2.02684625 2.43237874 
1.34507429 1.17000992 2.16082384 2.72490401 
1.3543376 1.1479517 2.17773902 2.2869724 
1.74377275 0.96761582 2.48838864 1.96393564 
1.48871314 1.01220198 2.48327927 1.870751 
1.4881265 1.08271992 2.33719236 2.42478789 
1.81950195 1.01175449 2.56716984 1.82992606 
1.26819067 1.12495747 2.12601068 2.47864604 
1.28810314 1.24590259 2.00675493 2.27946348 
1.30456803 1.20960699 2.20179704 2.00479077 
1.56414959 1.07211154 2.32134076 2.10176265 
1.41412694 1.16647475 2.20002183 2.09893647 
1.30913019 1.20136712 2.15254356 2.30141005 
1.20752591 1.28927786 2.26415914 2.66283812 
1.58255656 1.15864002 2.55125955 1.87531918 
1.7446097 1.0408249 2.56074382 1.87227332 
1.58685975 1.08356727 2.16277137 2.35852967 
1.61872883 0.98142872 2.65586272 1.95833097 
1.37318075 1.17757535 2.20919156 2.29526559 
1.64831796 1.04946789 2.17246553 2.27661151 
1.73935111 0.96125936 2.46390086 2.02346476 
1.31323264 1.07238897 2.21923557 2.14948864 
1.68769034 0.97169544 2.26558347 2.17123311 
1.5000624 1.03915056 2.60336443 1.76591628 
1.81344441 1.0342306 2.30728036 2.16198881 
1.62173713 1.03377661 2.4902 1.95764179 
1.52220762 1.00866256 2.74935864 1.69539795 
1.75084379 1.05972166 2.75786856 1.75457642 
1.35607063 1.16231226 2.12080904 2.53020224 
1.47622367 1.05983837 2.49403898 2.06661753 
1.51947827 1.04518855 2.09991356 2.42408096 
1.39739053 1.17114411 2.13847621 2.61542564 
1.5122236 1.06524406 2.57498033 1.79420637 
1.34039055 1.17690355 2.23156224 2.25729511 
1.68009891 1.0448105 2.76787897 1.61485889 
1.64672873 0.96052493 2.17628092 2.21980212 
1.54029175 1.05226892 2.16438366 2.31378879 
1.30843284 1.23719753 2.13433498 2.40323865 
1.62620312 1.0505887 2.32765083 2.03398371 
1.55024508 0.99526435 2.52842791 1.84190583 
1.63819193 1.0076457 2.33040239 2.06802069 
1.37017684 1.12224581 2.41533826 2.45452892 
1.69786738 0.95203122 2.75373699 1.45888638 
1.53233146 1.00312785 2.27694377 2.32513167 
1.66884493 0.98762982 2.56646106 1.85922735 
1.56566684 1.02603433 2.28050606 2.30930683 
1.27627056 1.27196083 2.1224187 2.32912592 
1.88050218 1.00057065 2.65324102 1.60442236 
1.53948259 1.05506042 2.18934273 2.55806215 
1.64695258 1.02211588 2.36605269 2.03867654 
1.20752591 1.28927786 2.26415914 2.66283812 
1.51394957 1.06478874 2.55144836 1.99183438 
1.33013179 1.12891227 2.20178973 2.24438857 
1.43892574 1.12384928 2.11709767 2.34937086 
1.53936897 1.05932775 2.3467257 2.21890707 
1.3576835 1.12889515 2.410296 2.46574399 
1.50300377 1.04498447 2.1598576 2.36447555 
1.33885619 1.16648841 2.19410169 2.27458503 
1.64010004 0.98519517 2.14672062 2.66304681 
1.37574037 1.12697173 2.71191216 1.70083059 
1.45550932 1.0346939 2.16051418 2.30006894 
1.40113938 1.13294504 2.10809182 2.613644 
1.70426252 1.02342441 2.49964252 1.8279752 
1.58323914 1.0566901 2.62396747 1.84837402 
1.3608706 1.15754694 2.25833311 2.15551967 
1.70012361 0.97825134 2.61848619 2.00608821 
1.36328067 1.29514014 2.1621453 2.6832159 
1.46706688 1.09723877 2.10353523 2.40488729 
1.34107206 1.16069342 2.18361089 2.28078553 
1.54386364 1.02954632 2.53278986 2.07065006 
1.5759452 1.06176504 2.24945893 2.34024583 
1.22533704 1.31843462 2.17023688 2.394485 
1.5347276 1.07819679 2.10703919 2.48079808 
1.37836066 1.17010508 2.1164851 2.57952668 
1.3983184 1.11379851 2.15250497 2.4583706 
1.53051638 1.05694968 2.57386514 1.96762481 
1.66541954 1.02170644 2.39570611 1.94482336 
1.21394137 1.26379734 1.97951844 2.37059074 
1.60292947 0.99394164 2.37313827 2.09914605 
1.38406618 1.0754016 2.31859618 2.49732294 
1.37531351 1.15045249 2.20005209 2.30835657 
1.66939786 1.0131617 2.16000828 2.31359211 
1.47540387 1.09560649 2.21728974 2.26615876 
1.587565 1.02955097 2.41082565 2.11693186 
1.52903274 1.01735275 2.46603867 1.9533002 
1.66884493 0.98762982 2.56646106 1.85922735 
1.47950997 1.06217601 2.28773418 2.53533911 
1.63717102 1.02612855 2.67510487 2.03412351 
1.72142664 0.99501935 2.77763742 1.46435826 
1.55802869 0.99667953 2.55569868 1.80219541 
1.54638638 1.02882887 2.17075991 2.42954088 
1.6187286 1.03684964 2.08657036 2.45406655 
1.28794956 1.15753602 2.14932149 2.16403961 
1.51727006 1.03388935 2.16806258 2.35361805 
1.3788191 1.15752616 2.29367392 2.10624634 
1.43358957 1.11066072 2.12346431 2.43795839 
1.7088229 1.00847183 2.59224652 1.87960726 
1.38179428 1.14262966 2.27033615 2.22353672 
1.50115229 1.0570766 2.46255022 2.37565103 
1.40678119 1.10254331 2.35565836 2.33696601 
1.46506674 1.05858936 2.19995972 2.33088975 
1.53946966 1.09240438 2.10829271 2.47048494 
1.66561533 1.0373353 2.26168502 2.13065269 
1.54122303 1.03505928 2.31815851 2.2655054 
1.25955103 1.2546734 2.18250524 2.29668601 
1.53866424 1.01962069 2.40634074 2.04600279 
1.64167778 1.02625064 2.2791013 1.95831908 
1.72142664 0.99501935 2.77763742 1.46435826 
1.56910997 1.00861378 2.67040794 1.97804124 
1.60154572 1.03582313 2.10372496 2.3922365 
1.63601589 1.01533129 2.39694324 2.03901665 
1.16821532 1.33400072 2.11857801 2.37149592 
1.50115229 1.0570766 2.46255022 2.37565103 
1.63699207 1.05815401 2.23174091 2.17698568 
1.70712916 1.0006872 2.69676448 1.76953259 
1.43576964 1.12678512 2.20123125 2.48227763 
1.50642166 1.08014898 2.16589917 2.48331064 
1.30630068 1.20109423 2.17972976 2.29363033 
1.4541962 1.19186876 2.24562247 2.60728296 
1.2827826 1.13688193 2.30364786 2.57391742 
1.63183657 1.01139399 2.11407647 2.37811792 
1.81027063 0.99587138 2.74738768 1.80502179 
1.4597693 1.07227408 2.16955554 2.4631721 
1.66532448 1.03619399 2.44952658 1.86861444 
1.62442247 1.06476119 2.20544913 2.21895585 
1.68378187 1.02332057 2.41763723 1.90607528 
1.64746017 1.06121044 2.21350587 2.3033768 
1.80542058 0.96805237 2.63605547 1.98241962 
1.52217494 1.09472659 2.43740703 2.02349301 
1.56910997 1.00861378 2.67040794 1.97804124 
1.47065066 1.06431043 2.19792214 2.229116 
1.691695 1.02647188 2.63186743 1.81426477 

