516 388
2 0

var1 var2
0.105490 0.125000 
0.105490 0.125000 
0.105490 0.125000 
0.105490 0.125000 
0.105490 0.125000 
0.105490 0.125000 
0.105490 0.125000 
0.105490 0.125000 
0.105490 0.125000 
0.105490 0.125000 
0.105490 0.125000 
0.105490 0.125000 
0.105490 0.125000 
0.105490 0.125000 
0.105490 0.125000 
0.105490 0.125000 
0.105490 0.125000 
0.105490 0.125000 
0.105490 0.125000 
0.105490 0.125000 
0.105490 0.125000 
0.105490 0.125000 
0.105490 0.125000 
0.105490 0.125000 
0.105490 0.125000 
0.105490 0.125000 
0.105490 0.125000 
0.105490 0.125000 
0.105490 0.125000 
0.105490 0.125000 
0.105490 0.125000 
0.105490 0.125000 
0.105490 0.125000 
0.105490 0.125000 
0.105490 0.125000 
0.105490 0.125000 
0.105490 0.125000 
0.105490 0.125000 
0.105490 0.125000 
0.105490 0.125000 
0.105490 0.125000 
0.105490 0.125000 
0.105490 0.125000 
0.105490 0.125000 
0.105490 0.125000 
0.105490 0.125000 
0.000000 0.000000 
0.708746 0.500000 
0.790089 0.625000 
0.526319 0.333333 
0.526319 0.333333 
0.781313 0.625000 
0.526319 0.333333 
0.641368 0.416667 
0.600964 0.458333 
0.526319 0.333333 
0.000000 0.041667 
0.526319 0.333333 
0.526319 0.333333 
0.526319 0.333333 
0.526319 0.333333 
0.526319 0.333333 
0.526319 0.333333 
0.526319 0.333333 
0.526319 0.333333 
0.526319 0.333333 
0.357045 0.208333 
0.526319 0.333333 
0.526319 0.333333 
0.526319 0.333333 
0.526319 0.333333 
0.526319 0.333333 
0.226820 0.125000 
0.226820 0.125000 
0.226820 0.125000 
0.226820 0.125000 
0.226820 0.125000 
0.515194 0.458333 
0.708746 0.541667 
0.065795 0.041667 
0.065795 0.041667 
0.065795 0.041667 
0.000000 0.041667 
0.000000 0.041667 
0.000000 0.041667 
0.000000 0.041667 
0.000000 0.041667 
0.000000 0.041667 
0.000000 0.041667 
0.000000 0.041667 
0.000000 0.041667 
0.000000 0.041667 
0.000000 0.041667 
0.000000 0.041667 
0.000000 0.041667 
0.000000 0.041667 
0.000000 0.041667 
0.000000 0.041667 
0.000000 0.041667 
0.000000 0.041667 
0.000000 0.041667 
0.000000 0.041667 
0.000000 0.041667 
0.000000 0.041667 
0.000000 0.041667 
0.000000 0.041667 
0.000000 0.041667 
0.000000 0.041667 
0.000000 0.041667 
0.000000 0.041667 
0.000000 0.041667 
0.000000 0.041667 
0.000000 0.041667 
0.000000 0.041667 
0.000000 0.041667 
0.000000 0.041667 
0.000000 0.041667 
0.000000 0.041667 
0.000000 0.041667 
0.000000 0.041667 
0.000000 0.041667 
0.000000 0.041667 
0.000000 0.041667 
0.000000 0.041667 
0.000000 0.041667 
0.000000 0.041667 
0.000000 0.041667 
0.000000 0.041667 
0.000000 0.041667 
0.000000 0.041667 
0.000000 0.041667 
0.000000 0.041667 
0.000000 0.041667 
0.000000 0.041667 
0.000000 0.041667 
0.000000 0.041667 
0.000000 0.041667 
0.000000 0.041667 
0.000000 0.041667 
0.000000 0.041667 
0.000000 0.041667 
0.000000 0.041667 
0.000000 0.041667 
0.000000 0.041667 
0.000000 0.041667 
0.000000 0.041667 
0.000000 0.041667 
0.000000 0.041667 
0.000000 0.041667 
0.000000 0.041667 
0.000000 0.041667 
0.000000 0.041667 
0.000000 0.041667 
0.000000 0.041667 
0.000000 0.041667 
0.000000 0.041667 
0.000000 0.041667 
0.000000 0.041667 
0.000000 0.041667 
0.000000 0.041667 
0.000000 0.041667 
0.000000 0.041667 
0.000000 0.041667 
0.000000 0.041667 
0.000000 0.041667 
0.000000 0.041667 
0.000000 0.041667 
0.000000 0.041667 
0.000000 0.041667 
0.000000 0.041667 
0.000000 0.041667 
0.000000 0.041667 
0.000000 0.041667 
0.000000 0.041667 
0.000000 0.041667 
0.000000 0.041667 
0.000000 0.041667 
0.000000 0.041667 
0.000000 0.041667 
0.000000 0.041667 
0.000000 0.041667 
0.000000 0.041667 
0.000000 0.041667 
0.000000 0.041667 
0.000000 0.041667 
0.000000 0.041667 
0.000000 0.041667 
0.000000 0.041667 
0.000000 0.041667 
0.000000 0.041667 
0.000000 0.041667 
0.000000 0.041667 
0.000000 0.041667 
0.000000 0.041667 
0.000000 0.041667 
0.000000 0.041667 
0.000000 0.041667 
0.000000 0.041667 
0.000000 0.041667 
0.000000 0.041667 
0.000000 0.041667 
0.000000 0.041667 
0.000000 0.041667 
0.000000 0.041667 
0.000000 0.041667 
0.000000 0.041667 
0.000000 0.041667 
0.000000 0.041667 
0.000000 0.041667 
0.000000 0.041667 
0.000000 0.041667 
0.000000 0.041667 
0.000000 0.041667 
0.000000 0.041667 
0.000000 0.041667 
0.000000 0.041667 
0.000000 0.041667 
0.000000 0.041667 
0.000000 0.041667 
0.000000 0.041667 
0.000000 0.041667 
0.000000 0.041667 
0.000000 0.041667 
0.000000 0.041667 
0.000000 0.041667 
0.000000 0.041667 
0.000000 0.041667 
0.000000 0.041667 
0.000000 0.041667 
0.124342 0.125000 
0.000000 0.041667 
0.000000 0.041667 
0.000000 0.041667 
0.000000 0.041667 
0.000000 0.041667 
0.000000 0.041667 
0.000000 0.041667 
0.000000 0.041667 
0.000000 0.041667 
0.000000 0.041667 
0.000000 0.041667 
0.000000 0.041667 
0.000000 0.041667 
0.000000 0.041667 
0.000000 0.041667 
0.000000 0.041667 
0.000000 0.041667 
0.000000 0.041667 
0.000000 0.041667 
0.000000 0.041667 
0.000000 0.041667 
0.000000 0.041667 
0.000000 0.041667 
0.000000 0.041667 
0.000000 0.041667 
0.000000 0.041667 
0.000000 0.041667 
0.000000 0.041667 
0.000000 0.041667 
0.000000 0.041667 
0.000000 0.041667 
0.000000 0.041667 
0.000000 0.041667 
0.000000 0.041667 
0.000000 0.041667 
0.000000 0.041667 
0.000000 0.041667 
0.000000 0.041667 
0.000000 0.041667 
0.000000 0.041667 
0.000000 0.041667 
0.000000 0.041667 
0.000000 0.041667 
0.000000 0.041667 
0.000000 0.041667 
0.000000 0.041667 
0.000000 0.041667 
0.000000 0.041667 
0.000000 0.041667 
0.000000 0.041667 
0.000000 0.041667 
0.000000 0.041667 
0.000000 0.041667 
0.000000 0.041667 
0.000000 0.041667 
0.000000 0.041667 
0.000000 0.041667 
0.000000 0.041667 
0.000000 0.041667 
0.000000 0.041667 
0.000000 0.041667 
0.000000 0.041667 
0.000000 0.041667 
0.000000 0.041667 
0.000000 0.041667 
0.000000 0.041667 
0.000000 0.041667 
0.000000 0.041667 
0.000000 0.041667 
0.000000 0.041667 
0.000000 0.041667 
0.000000 0.041667 
0.000000 0.041667 
0.000000 0.041667 
0.000000 0.041667 
0.000000 0.041667 
0.000000 0.041667 
0.000000 0.041667 
0.000000 0.041667 
0.000000 0.041667 
0.000000 0.041667 
0.000000 0.041667 
0.000000 0.041667 
0.000000 0.041667 
0.000000 0.041667 
0.000000 0.041667 
0.000000 0.041667 
0.000000 0.041667 
0.000000 0.041667 
0.000000 0.041667 
0.000000 0.041667 
0.000000 0.041667 
0.000000 0.041667 
0.000000 0.041667 
0.000000 0.041667 
0.000000 0.041667 
0.000000 0.041667 
0.000000 0.041667 
0.000000 0.041667 
0.000000 0.041667 
0.000000 0.041667 
0.000000 0.041667 
0.000000 0.041667 
0.000000 0.041667 
0.481036 0.333333 
0.481036 0.333333 
0.515194 0.416667 
0.481036 0.333333 
0.226820 0.125000 
0.515194 0.416667 
0.590622 0.416667 
0.481036 0.333333 
0.481036 0.333333 
0.481036 0.333333 
0.301886 0.208333 
0.481036 0.333333 
0.481036 0.333333 
0.481036 0.333333 
0.481036 0.333333 
0.481036 0.333333 
0.481036 0.333333 
0.481036 0.333333 
0.481036 0.333333 
0.124342 0.083333 
0.745571 0.583333 
0.469374 0.416667 
0.469374 0.416667 
0.469374 0.416667 
0.469374 0.416667 
0.469374 0.416667 
0.469374 0.416667 
0.469374 0.416667 
0.469374 0.416667 
0.469374 0.416667 
0.866489 0.541667 
0.469374 0.416667 
0.469374 0.416667 
0.469374 0.416667 
0.469374 0.416667 
0.469374 0.416667 
0.481036 0.500000 
0.301886 0.125000 
0.301886 0.125000 
0.301886 0.125000 
0.301886 0.125000 
0.301886 0.125000 
0.301886 0.125000 
0.301886 0.125000 
0.301886 0.125000 
0.105490 0.041667 
0.301886 0.125000 
0.301886 0.125000 
0.301886 0.125000 
0.272772 0.125000 
0.301886 0.125000 
0.242467 0.166667 
0.301886 0.125000 
0.301886 0.125000 
0.301886 0.125000 
0.125000 0.041667 
0.125000 0.125000 
0.125000 0.125000 
0.125000 0.125000 
0.125000 0.125000 
0.125000 0.125000 
0.125000 0.125000 
0.125000 0.333333 
0.125000 0.125000 
0.125000 0.125000 
0.125000 0.125000 
0.125000 0.125000 
0.125000 0.625000 
0.125000 0.458333 
0.125000 0.208333 
0.125000 0.458333 
0.125000 0.458333 
0.125000 0.458333 
0.125000 0.333333 
0.125000 0.166667 
0.125000 0.333333 
0.125000 0.333333 
0.125000 0.291667 
0.125000 0.291667 
0.125000 0.125000 
0.125000 0.291667 
0.125000 0.291667 
0.125000 0.333333 
0.125000 0.416667 
0.125000 0.375000 
0.125000 0.375000 
0.125000 0.375000 
0.125000 0.083333 
0.125000 0.375000 
0.125000 0.375000 
0.125000 0.083333 
0.125000 0.083333 
0.125000 0.375000 
0.125000 0.208333 
0.125000 0.083333 
0.125000 0.375000 
0.125000 0.375000 
0.125000 0.375000 
0.125000 0.375000 
0.125000 0.416667 
0.125000 0.291667 
0.000000 0.541667 
0.500000 0.291667 
0.625000 0.291667 
0.333333 0.291667 
0.333333 0.416667 
0.625000 0.541667 
0.333333 0.291667 
0.416667 0.166667 
0.458333 0.291667 
0.333333 0.083333 
0.041667 0.416667 
0.333333 0.416667 
0.333333 0.416667 
0.333333 0.416667 
0.333333 0.416667 
0.333333 0.416667 
0.333333 0.333333 
0.333333 0.416667 
0.333333 0.208333 
0.333333 0.416667 
0.208333 0.416667 
0.333333 0.208333 
0.333333 0.291667 
0.333333 0.291667 
0.333333 0.291667 
0.333333 0.291667 
0.125000 0.291667 
0.125000 0.291667 
0.125000 0.375000 
0.125000 0.083333 
0.125000 0.291667 
0.458333 0.291667 
0.541667 0.291667 
0.041667 0.291667 
0.041667 0.291667 
0.041667 0.291667 
0.041667 0.291667 
0.041667 0.291667 
0.041667 0.291667 
0.041667 0.666667 
0.041667 0.666667 
0.041667 0.416667 
0.041667 0.541667 
0.041667 0.500000 
0.041667 0.375000 
0.041667 0.208333 
0.041667 0.208333 
0.041667 0.208333 
0.041667 0.208333 
0.041667 0.208333 
0.041667 0.375000 
0.041667 0.375000 
0.041667 0.375000 
0.041667 0.166667 
0.041667 0.166667 
0.041667 0.166667 
0.041667 0.375000 
0.041667 0.375000 
0.041667 0.166667 
0.041667 0.083333 
0.041667 0.166667 
0.041667 0.166667 
0.041667 0.416667 
0.041667 0.166667 
0.041667 0.166667 
0.041667 0.166667 
0.041667 0.166667 
0.041667 0.166667 
0.041667 0.166667 
0.041667 0.166667 
0.041667 0.166667 
0.041667 0.166667 
0.041667 0.166667 
0.041667 0.166667 
0.041667 0.166667 
0.041667 0.166667 
0.041667 0.166667 
0.041667 0.166667 
0.041667 0.166667 
0.041667 0.166667 
0.041667 0.500000
0.105490 0.125000 
0.105490 0.125000 
0.708746 0.500000 
0.708746 0.500000 
0.708746 0.500000 
0.708746 0.500000 
0.708746 0.500000 
0.708746 0.500000 
0.708746 0.500000 
0.708746 0.500000 
0.708746 0.500000 
0.790089 0.625000 
0.790089 0.625000 
0.790089 0.625000 
0.790089 0.625000 
0.790089 0.625000 
0.790089 0.625000 
0.790089 0.625000 
0.790089 0.625000 
0.790089 0.625000 
0.790089 0.625000 
0.790089 0.625000 
0.790089 0.625000 
0.790089 0.625000 
0.790089 0.625000 
0.790089 0.625000 
0.641368 0.541667 
0.790089 0.625000 
0.790089 0.625000 
0.790089 0.625000 
0.807462 0.583333 
0.807462 0.583333 
0.807462 0.583333 
0.526319 0.333333 
0.641368 0.416667 
0.641368 0.416667 
0.537322 0.500000 
0.641368 0.416667 
0.689895 0.625000 
0.641368 0.416667 
0.689895 0.500000 
0.641368 0.416667 
0.772474 0.583333 
0.824602 0.708333 
0.824602 0.708333 
0.824602 0.708333 
0.689895 0.583333 
0.915081 0.666667 
0.526319 0.333333 
0.824602 0.708333 
0.824602 0.708333 
0.824602 0.708333 
0.824602 0.708333 
0.824602 0.708333 
0.526319 0.333333 
0.772474 0.625000 
0.526319 0.333333 
0.526319 0.333333 
0.699359 0.541667 
0.526319 0.333333 
0.526319 0.333333 
0.526319 0.333333 
0.858217 0.666667 
0.962025 0.666667 
0.962025 0.666667 
0.962025 0.666667 
0.526319 0.333333 
0.526319 0.333333 
0.526319 0.333333 
0.708746 0.541667 
0.708746 0.541667 
0.754604 0.583333 
0.708746 0.541667 
0.891002 0.791667 
0.708746 0.541667 
0.226820 0.125000 
0.708746 0.541667 
0.708746 0.541667 
0.708746 0.541667 
0.600964 0.583333 
0.708746 0.541667 
0.790089 0.875000 
0.708746 0.541667 
0.938749 0.583333 
0.600964 0.583333 
0.833087 0.625000 
0.708746 0.541667 
0.798805 0.541667 
0.600964 0.583333 
0.938749 0.750000 
0.600964 0.583333 
0.849893 0.625000 
0.708746 0.541667 
0.708746 0.541667 
0.708746 0.541667 
0.708746 0.541667 
0.708746 0.541667 
0.708746 0.541667 
0.708746 0.541667 
0.708746 0.541667 
0.000000 0.041667 
0.000000 0.041667 
0.000000 0.041667 
0.000000 0.041667 
0.481036 0.333333 
0.807462 0.541667 
0.807462 0.541667 
0.807462 0.541667 
0.481036 0.333333 
0.807462 0.625000 
0.481036 0.333333 
0.481036 0.333333 
0.515194 0.416667 
0.718059 0.583333 
0.754604 0.583333 
0.481036 0.333333 
0.481036 0.333333 
0.611207 0.500000 
0.481036 0.333333 
0.481036 0.333333 
0.481036 0.333333 
0.754604 0.583333 
0.481036 0.333333 
0.882880 0.708333 
0.745571 0.583333 
0.481036 0.333333 
0.481036 0.333333 
0.745571 0.583333 
0.745571 0.583333 
0.745571 0.583333 
0.745571 0.583333 
0.745571 0.583333 
0.938749 0.750000 
0.481036 0.333333 
0.781313 0.666667 
0.745571 0.583333 
0.745571 0.583333 
0.745571 0.583333 
0.745571 0.583333 
0.891002 0.791667 
0.745571 0.583333 
0.526319 0.416667 
0.745571 0.583333 
0.357045 0.250000 
0.600964 0.458333 
0.469374 0.416667 
0.469374 0.416667 
0.469374 0.416667 
0.754604 0.791667 
0.718059 0.625000 
0.469374 0.416667 
0.421201 0.333333 
0.718059 0.625000 
0.718059 0.625000 
0.469374 0.416667 
0.651242 0.541667 
0.651242 0.541667 
0.651242 0.541667 
0.772474 0.666667 
0.469374 0.416667 
0.708746 0.500000 
0.469374 0.416667 
0.736470 0.583333 
0.708746 0.625000 
0.708746 0.625000 
0.708746 0.625000 
0.580179 0.541667 
0.301886 0.125000 
0.558973 0.416667 
0.708746 0.625000 
0.984929 1.000000 
0.708746 0.625000 
0.708746 0.625000 
0.708746 0.625000 
0.558973 0.458333 
0.708746 0.625000 
0.357045 0.250000 
0.708746 0.625000 
0.781313 0.500000 
0.708746 0.625000 
0.984929 0.750000 
0.708746 0.625000 
0.708746 0.625000 
0.708746 0.625000 
0.708746 0.625000 
0.708746 0.625000 
0.469374 0.416667 
0.708746 0.625000 
0.824602 0.458333 
0.708746 0.625000 
0.708746 0.625000 
0.708746 0.625000 
0.641368 0.583333 
0.708746 0.625000 
0.708746 0.625000 
0.708746 0.625000 
0.651242 0.416667 
0.708746 0.458333 
0.708746 0.458333 
0.708746 0.458333 
0.708746 0.458333 
0.708746 0.458333 
0.708746 0.458333 
0.708746 0.458333 
0.708746 0.458333 
0.841517 0.750000 
0.708746 0.458333 
0.708746 0.458333 
0.708746 0.458333 
0.708746 0.458333 
0.708746 0.458333 
0.962025 1.000000 
0.708746 0.458333 
0.946550 0.833333 
0.708746 0.458333 
0.708746 0.458333 
0.708746 0.458333 
0.708746 0.458333 
0.708746 0.458333 
0.670732 0.500000 
0.708746 0.458333 
0.708746 0.458333 
0.708746 0.458333 
0.708746 0.458333 
0.708746 0.458333 
0.708746 0.458333 
0.699359 0.416667 
0.798805 0.541667 
0.798805 0.541667 
0.798805 0.541667 
0.798805 0.541667 
0.833087 0.625000 
0.798805 0.541667 
0.798805 0.541667 
0.798805 0.541667 
0.798805 0.541667 
0.708746 0.458333 
0.930904 0.791667 
0.798805 0.541667 
0.907102 0.625000 
0.798805 0.541667 
0.798805 0.541667 
0.798805 0.541667 
0.798805 0.541667 
0.708746 0.458333 
0.833087 0.625000 
0.708746 0.458333 
0.977335 0.708333 
0.798805 0.541667 
0.798805 0.541667 
0.708746 0.458333 
0.708746 0.458333 
0.708746 0.458333 
0.874709 0.708333 
0.798805 0.541667 
0.866489 0.666667 
0.798805 0.541667 
0.515194 0.333333 
0.515194 0.333333 
0.515194 0.333333 
0.515194 0.333333 
0.481036 0.416667 
0.481036 0.416667 
0.481036 0.416667 
0.357045 0.375000 
0.445605 0.291667 
0.383287 0.250000 
0.445605 0.291667 
0.445605 0.291667 
0.515194 0.416667 
0.445605 0.291667 
0.745571 0.625000 
0.600964 0.416667 
0.631406 0.375000 
0.600964 0.416667 
0.708746 0.500000 
0.600964 0.416667 
0.915081 0.708333 
0.915081 0.708333 
0.915081 0.708333 
0.600964 0.416667 
0.226820 0.125000 
0.600964 0.416667 
0.891002 0.708333 
0.899075 0.750000 
0.899075 0.750000 
0.849893 0.541667 
0.899075 0.750000 
0.899075 0.750000 
0.923015 0.666667 
0.600964 0.416667 
0.600964 0.416667 
0.580179 0.375000 
0.421201 0.291667 
0.661029 0.541667 
0.661029 0.541667 
0.661029 0.541667 
0.661029 0.541667 
0.882880 0.791667 
0.661029 0.541667 
0.661029 0.541667 
0.492557 0.375000 
0.421201 0.291667 
0.569630 0.416667 
0.492557 0.375000 
0.631406 0.500000 
0.421201 0.291667 
0.177614 0.083333 
0.492557 0.375000 
0.807462 0.500000 
0.492557 0.375000 
0.772474 0.625000 
0.421201 0.291667 
0.421201 0.291667 
0.492557 0.291667 
0.421201 0.291667 
0.874709 0.666667 
0.699359 0.666667 
0.699359 0.666667 
0.699359 0.666667 
0.177614 0.208333 
0.699359 0.666667 
0.699359 0.666667 
0.699359 0.666667 
0.699359 0.666667 
0.699359 0.666667 
0.408745 0.291667 
0.699359 0.666667 
0.946550 0.708333 
0.699359 0.666667 
0.699359 0.666667 
0.699359 0.666667 
0.969700 0.750000 
0.699359 0.666667 
0.699359 0.666667 
0.699359 0.666667 
0.680353 0.625000 
0.569630 0.416667 
0.699359 0.666667 
0.833087 0.625000 
0.569630 0.416667 
0.882880 0.708333 
0.621353 0.500000 
0.569630 0.416667 
0.954309 0.791667 
0.621353 0.500000 
0.503941 0.500000 
0.569630 0.416667 
0.651242 0.375000 
0.621353 0.500000 
0.651242 0.541667 
0.661029 0.583333 
0.621353 0.500000 
0.621353 0.500000 
0.977335 0.791667 
0.621353 0.500000 
1.000000 0.750000 
0.621353 0.500000 
0.503941 0.458333 
0.621353 0.500000 
0.621353 0.500000 
0.621353 0.500000 
0.515194 0.375000 
0.515194 0.375000 
0.515194 0.375000 
0.515194 0.375000 
0.946550 0.750000 
0.833087 0.583333 
0.833087 0.583333 
0.977335 0.833333 
0.833087 0.583333 
0.833087 0.583333 
0.833087 0.583333 
0.833087 0.583333 
0.833087 0.583333 
0.833087 0.583333 
0.833087 0.583333 
0.833087 0.583333 
0.833087 0.583333 
0.833087 0.583333 
0.833087 0.583333 
0.641368 0.416667 
0.833087 0.583333 
0.833087 0.583333 
0.833087 0.583333 
0.833087 0.583333 
0.445605 0.416667 
0.445605 0.416667 